35.054620	33.544616	156.913528	152.000000	-1.000000	21.000000	154.300000	4.000000	3.500
35.197680	33.345015	133.091492	140.000000	133.690000	40.000000	150.230000	15.000000	3.500
35.125655	33.191848	232.769730	106.000000	348.820000	69.000000	83.840000	33.000000	3.500
34.676410	33.038683	12.352818	185.000000	71.160000	43.000000	146.980000	23.000000	1.500
35.110319	33.309671	226.307404	97.000000	106.100000	-1.000000	103.760000	47.000000	1.500
34.690194	33.071008	8.840930	226.000000	23.260000	34.000000	162.400000	71.000000	1.000
34.691866	32.945203	119.488037	270.000000	-1.000000	42.000000	-1.000000	-1.000000	3.500
35.110331	33.378319	186.490662	154.000000	-1.000000	45.000000	-1.000000	-1.000000	3.500
34.719206	33.104218	64.515732	278.000000	-1.000000	90.000000	-1.000000	40.000000	3.500
34.954747	33.652355	1.873489	240.000000	110.000000	30.000000	90.000000	40.000000	1.000
34.944317	33.624294	10.142159	106.000000	-1.000000	20.000000	145.000000	5.000000	3.500
34.681137	33.121094	41.885006	139.000000	37.500000	18.000000	29.160000	17.000000	3.500
34.695919	33.023989	53.538460	94.000000	140.000000	-1.000000	140.000000	43.000000	3.500
34.712552	33.030648	139.004272	137.000000	180.000000	5.000000	180.000000	5.000000	1.500
34.930484	33.627118	7.147031	180.000000	91.860000	22.000000	89.050000	-1.000000	1.500
34.943962	33.294855	441.386414	147.000000	320.000000	70.000000	-1.000000	25.000000	3.500
35.139688	33.345022	186.439621	22.000000	36.920000	39.000000	5.500000	1.000000	3.500
34.962906	33.334594	370.152344	106.000000	192.260000	45.000000	90.000000	45.000000	3.500
34.882844	33.582659	31.648710	95.000000	133.760000	45.000000	150.310000	30.000000	7.500
35.051051	33.384331	227.921753	206.000000	253.070000	32.000000	256.690000	17.000000	3.500
35.101672	33.422360	165.123688	129.000000	160.000000	45.000000	160.000000	45.000000	1.500
35.169795	33.381527	147.146149	122.000000	138.680000	48.000000	165.610000	5.000000	3.500
34.753899	33.085862	81.085938	111.000000	185.000000	44.000000	185.000000	35.000000	3.500
34.849937	33.548872	43.298111	4.000000	163.240000	43.000000	162.720000	44.000000	1.500
35.163621	33.373540	165.747437	254.000000	99.520000	30.000000	324.910000	33.000000	1.000
35.150224	33.364049	184.677628	133.000000	12.360000	44.000000	20.650000	46.000000	3.500
35.132583	33.086496	224.888107	19.000000	300.000000	67.000000	320.000000	67.000000	3.500
34.933325	33.516697	149.735275	140.000000	99.800000	41.000000	175.370000	16.000000	3.500
34.997329	33.429435	247.840302	149.000000	-1.000000	39.000000	-1.000000	-1.000000	1.500
35.162642	33.359182	155.544678	180.000000	103.850000	-1.000000	-1.000000	-1.000000	1.500
35.137968	33.376055	170.983902	177.000000	196.340000	9.000000	198.980000	4.000000	-1.00
35.005196	33.979843	77.492508	114.000000	60.000000	45.000000	120.000000	-1.000000	1.500
34.841260	32.429663	269.468781	119.000000	171.420000	29.000000	206.310000	-1.000000	20.00
35.168698	33.342207	166.849518	18.000000	123.190000	66.000000	124.130000	56.000000	1.000
35.178761	33.386661	137.413071	225.000000	310.000000	40.000000	310.000000	40.000000	1.500
35.138283	33.362906	193.170715	147.000000	-1.000000	-1.000000	-1.000000	-1.000000	1.500
35.168117	33.330892	164.266098	359.000000	-1.000000	45.000000	233.960000	45.000000	1.500
34.862761	33.195975	526.749573	320.000000	-1.000000	45.000000	-1.000000	-1.000000	3.500
34.911757	33.637818	2.731707	117.000000	137.130000	90.000000	157.100000	-1.000000	3.500
34.935809	33.446232	220.346329	83.000000	-1.000000	90.000000	90.000000	90.000000	1.500
35.156705	33.400268	129.439407	329.000000	9.000000	71.000000	9.000000	67.000000	3.500
34.690006	33.091998	0.072490	112.000000	60.000000	35.000000	220.000000	7.000000	3.500
34.694470	32.983200	65.821960	220.000000	-1.000000	-1.000000	-1.000000	-1.000000	3.500
34.692985	32.964723	103.975616	128.000000	180.000000	45.000000	-1.000000	21.000000	1.000
35.177694	33.323735	154.795486	155.000000	153.150000	43.000000	156.310000	31.000000	3.500
34.986874	33.653974	42.774170	122.000000	163.800000	32.000000	164.660000	37.000000	1.500
35.082755	33.376838	216.588501	111.000000	159.090000	56.000000	179.550000	27.000000	1.500
34.872951	33.595771	22.480547	111.000000	191.370000	24.000000	170.680000	11.000000	-1.00
35.105156	33.405328	195.886215	320.000000	150.000000	70.000000	150.000000	45.000000	3.500
34.691106	32.922579	125.715378	359.000000	240.520000	90.000000	254.580000	90.000000	1.500
34.778579	32.465638	223.041595	154.000000	130.000000	18.000000	170.000000	10.000000	3.500
35.159985	33.391320	144.152695	-1.000000	101.430000	39.000000	103.180000	24.000000	1.500
35.004805	33.889755	41.152115	29.000000	122.010000	45.000000	125.020000	25.000000	3.500
34.937389	33.640440	3.262023	147.000000	-1.000000	49.000000	-1.000000	32.000000	3.500
34.715306	33.083586	93.180038	88.000000	90.000000	30.000000	140.000000	30.000000	1.500
34.915943	33.607849	18.021427	142.000000	-1.000000	80.000000	177.170000	30.000000	1.500
35.101159	33.303278	241.679291	179.000000	212.690000	-1.000000	179.970000	-1.000000	1.500
34.834132	33.386975	164.467789	156.000000	208.870000	43.000000	222.650000	-1.000000	3.500
34.707800	33.024935	86.947540	89.000000	-1.000000	12.000000	-1.000000	-1.000000	1.000
34.715610	32.989212	141.883392	144.000000	118.170000	-1.000000	-1.000000	-1.000000	1.000
34.782082	32.417686	77.444031	280.000000	223.530000	28.000000	234.160000	28.000000	20.00
35.108381	33.428220	142.325195	159.000000	170.000000	67.000000	170.000000	1.000000	1.500
34.698525	33.095516	9.903022	107.000000	160.000000	59.000000	179.000000	45.000000	1.500
34.764182	32.412825	18.389683	267.000000	-1.000000	23.000000	-1.000000	23.000000	1.500
34.688093	33.051771	25.167767	275.000000	330.000000	90.000000	220.000000	90.000000	1.500
35.040673	33.984351	83.703079	106.000000	116.110000	45.000000	169.450000	9.000000	3.500
35.150604	33.195319	214.271515	93.000000	1.000000	35.000000	19.000000	40.000000	1.500
34.827870	32.470800	527.089600	180.000000	81.870000	50.000000	295.360000	27.000000	1.500
34.779701	32.443157	107.745613	124.000000	-1.000000	-1.000000	-1.000000	15.000000	3.500
35.126303	33.316792	205.617844	160.000000	-1.000000	15.000000	-1.000000	-1.000000	1.500
35.124288	33.339933	204.018753	88.000000	67.910000	37.000000	64.840000	39.000000	1.000
34.927221	33.100634	879.871826	126.000000	124.170000	16.000000	155.720000	9.000000	1.000
35.178877	33.344485	151.205276	129.000000	114.690000	5.000000	153.230000	1.000000	1.500
34.698998	33.029495	60.944530	100.000000	-1.000000	45.000000	-1.000000	45.000000	1.500
34.669966	33.408137	294.191071	130.000000	-1.000000	18.000000	180.000000	27.000000	1.500
34.916385	33.633109	8.406410	291.000000	-1.000000	56.000000	-1.000000	47.000000	3.500
34.915933	33.603006	21.869829	214.000000	135.000000	45.000000	150.000000	21.000000	1.500
35.151653	33.398119	166.443481	127.000000	49.880000	47.000000	236.030000	27.000000	1.500
34.775979	32.425553	81.531532	30.000000	70.000000	80.000000	90.000000	70.000000	1.500
34.877204	33.614321	3.569340	86.000000	120.000000	45.000000	-1.000000	-1.000000	1.500
34.863332	33.494986	123.117561	127.000000	293.920000	45.000000	43.150000	32.000000	1.500
34.875356	33.592540	27.948345	45.000000	-1.000000	44.000000	138.280000	7.000000	1.000
34.703566	33.090616	13.186299	105.000000	180.000000	50.000000	200.000000	45.000000	1.000
35.159748	33.366759	163.731720	102.000000	133.120000	34.000000	150.020000	32.000000	1.500
34.973434	33.250420	576.027039	88.000000	131.700000	40.000000	174.290000	40.000000	1.500
35.018441	34.020957	88.987305	108.000000	282.620000	46.000000	299.930000	-1.000000	3.500
35.151355	33.372714	170.591568	174.000000	170.000000	45.000000	170.000000	80.000000	1.500
34.685817	32.968261	78.378052	115.000000	145.000000	27.000000	152.000000	30.000000	1.500
34.697948	33.047433	53.722557	120.000000	120.000000	-1.000000	-1.000000	-1.000000	1.500
34.756699	33.082832	127.380547	173.000000	102.860000	55.000000	118.700000	11.000000	1.500
35.185497	33.382507	130.559814	157.000000	-1.000000	71.000000	-1.000000	11.000000	3.500
34.831827	33.588795	6.883104	328.000000	203.390000	75.000000	208.740000	14.000000	-1.00
34.918435	33.609471	20.311169	105.000000	155.510000	15.000000	159.850000	30.000000	3.500
34.762599	32.443000	68.629868	-1.000000	30.000000	-1.000000	-1.000000	-1.000000	1.500
34.738160	33.187632	68.302498	96.000000	96.000000	17.000000	96.000000	35.000000	3.500
34.978059	33.650808	20.104137	12.000000	17.950000	90.000000	90.000000	90.000000	3.500
34.887655	32.373490	280.763947	6.000000	4.000000	45.000000	3.000000	45.000000	1.500
35.378056	33.706998	26.329592	155.000000	180.000000	41.000000	160.000000	13.000000	1.500
34.782963	32.428996	100.967598	205.000000	150.000000	20.000000	150.000000	10.000000	3.500
34.979222	33.922065	6.076080	89.000000	151.890000	45.000000	357.210000	35.000000	1.000
34.701438	33.104883	3.539719	135.000000	167.700000	16.000000	165.720000	11.000000	1.000
35.183054	33.386274	126.750534	74.000000	70.000000	45.000000	70.000000	45.000000	7.500
34.751406	32.483252	85.818031	241.000000	206.830000	37.000000	35.690000	17.000000	1.500
34.723194	33.050763	144.740417	90.000000	172.860000	45.000000	219.000000	45.000000	1.500
34.941374	33.591072	52.516907	128.000000	136.000000	30.000000	145.000000	15.000000	3.500
34.790127	32.410215	88.074661	108.000000	-1.000000	77.000000	-1.000000	-1.000000	3.500
34.984290	33.857359	41.445435	282.000000	45.000000	70.000000	-1.000000	70.000000	7.500
34.821669	32.919356	600.033081	-1.000000	329.070000	-1.000000	356.200000	-1.000000	3.500
34.671714	33.038736	6.337479	90.000000	310.220000	45.000000	360.000000	43.000000	1.500
34.980533	33.687424	10.166029	282.000000	-1.000000	39.000000	345.000000	43.000000	1.500
34.874524	32.372282	92.604393	303.000000	58.800000	80.000000	122.200000	36.000000	7.500
34.851726	33.623960	1.489394	86.000000	70.000000	25.000000	65.000000	25.000000	3.500
35.142773	33.332303	184.833633	125.000000	130.000000	29.000000	140.000000	15.000000	1.500
35.144929	33.386633	173.441452	119.000000	138.140000	9.000000	180.820000	5.000000	1.500
34.876866	33.585200	31.000000	140.000000	150.000000	1.000000	-1.000000	-1.000000	3.500
34.701365	33.101218	7.164074	131.000000	36.610000	41.000000	84.710000	17.000000	3.500
34.969757	33.649191	11.532399	114.000000	155.540000	65.000000	178.790000	45.000000	3.500
34.738387	32.439435	5.645512	125.000000	80.000000	33.000000	80.000000	11.000000	3.500
34.681584	33.031801	20.776388	174.000000	110.000000	46.000000	120.000000	37.000000	1.500
34.670000	32.930000	0.000000	89.000000	74.630000	13.000000	70.950000	15.000000	1.500
35.161433	33.361469	154.398315	340.000000	-1.000000	45.000000	-1.000000	45.000000	1.500
34.994582	33.487884	229.215454	120.000000	100.000000	22.000000	200.000000	42.000000	1.500
34.915398	32.530139	549.039856	118.000000	100.580000	29.000000	133.320000	17.000000	3.500
34.983329	34.033944	58.583534	190.000000	176.680000	6.000000	175.280000	1.000000	1.500
35.054012	34.009633	25.784199	137.000000	102.700000	41.000000	197.570000	10.000000	7.500
35.153207	33.314602	173.330109	110.000000	121.890000	55.000000	20.000000	20.000000	3.500
34.768631	33.077477	131.569534	143.000000	135.290000	21.000000	190.610000	14.000000	1.500
34.705573	33.111850	11.373298	114.000000	167.830000	37.000000	170.150000	27.000000	1.500
34.869119	33.305212	575.678772	137.000000	123.910000	70.000000	165.800000	25.000000	3.500
35.043091	33.826473	39.801193	159.000000	179.180000	50.000000	179.320000	20.000000	3.500
34.715748	33.155057	11.283278	211.000000	-1.000000	90.000000	90.000000	-1.000000	3.500
34.666316	33.014102	14.982025	124.000000	105.740000	56.000000	143.650000	27.000000	7.500
35.149781	33.337875	177.081665	256.000000	120.000000	45.000000	120.000000	31.000000	3.500
34.960957	33.658196	3.567236	150.000000	150.000000	45.000000	168.910000	26.000000	1.500
34.702605	33.054409	52.677731	140.000000	169.800000	24.000000	170.220000	9.000000	1.500
34.828195	32.407083	101.376984	47.000000	-1.000000	45.000000	281.850000	60.000000	1.500
34.777690	32.569103	201.982895	162.000000	121.830000	44.000000	137.590000	19.000000	3.500
35.138893	33.405932	136.742584	157.000000	-1.000000	20.000000	273.790000	25.000000	3.500
35.043359	33.979036	74.563675	101.000000	110.000000	53.000000	270.000000	35.000000	3.500
32.576925	34.941913	40.048531	200.000000	340.000000	60.000000	310.000000	30.000000	3.500
34.916673	33.361239	284.812286	99.000000	352.160000	67.000000	32.550000	64.000000	3.500
34.978952	33.860296	41.077106	5.000000	173.070000	45.000000	176.260000	50.000000	1.500
35.120121	33.928849	12.820828	89.000000	-1.000000	12.000000	-1.000000	13.000000	1.500
35.165282	33.899345	1.506702	66.000000	-1.000000	1.000000	-1.000000	11.000000	1.500
35.165430	33.370546	149.486725	267.000000	-1.000000	15.000000	-1.000000	10.000000	1.500
34.690432	33.005040	53.600456	120.000000	150.000000	35.000000	150.000000	25.000000	3.500
34.987620	33.656975	34.799042	177.000000	180.000000	19.000000	180.000000	17.000000	1.500
34.890796	33.426103	406.990326	145.000000	105.660000	61.000000	218.910000	13.000000	3.500
34.681748	33.058993	0.000000	117.000000	180.000000	40.000000	180.000000	35.000000	3.500
35.132042	33.337680	190.125183	92.000000	290.000000	70.000000	-1.000000	45.000000	3.500
35.108859	33.206688	259.851654	130.000000	180.000000	60.000000	190.000000	20.000000	3.500
35.048349	33.398310	210.148117	167.000000	180.000000	20.000000	180.000000	10.000000	3.500
34.677552	33.002118	34.512417	108.000000	239.080000	51.000000	167.180000	36.000000	3.500
35.132701	33.303463	222.511795	171.000000	158.100000	33.000000	168.630000	65.000000	1.500
35.013085	33.396565	244.622543	205.000000	135.000000	15.000000	135.000000	15.000000	1.000
35.199752	33.358658	129.321609	112.000000	99.000000	17.000000	104.580000	-1.000000	1.500
34.969798	33.587533	75.315475	44.000000	351.140000	50.000000	36.500000	21.000000	3.500
34.999802	33.889791	41.520214	112.000000	140.970000	31.000000	129.240000	18.000000	1.500
34.958677	33.650573	4.658901	153.000000	90.000000	34.000000	-1.000000	5.000000	1.000
34.671992	33.046066	0.873716	145.000000	120.000000	83.000000	127.920000	1.000000	1.000
34.694230	33.036535	50.260330	149.000000	140.000000	65.000000	150.000000	64.000000	1.000
35.056860	33.237492	342.341858	134.000000	147.680000	63.000000	141.700000	19.000000	3.500
34.889524	33.637298	1.593691	107.000000	90.000000	4.000000	85.000000	3.000000	1.000
34.899450	33.630186	12.971918	108.000000	342.900000	45.000000	353.740000	45.000000	1.500
34.669957	33.043133	0.211143	125.000000	108.090000	34.000000	153.350000	9.000000	7.500
35.017028	33.909441	46.049564	102.000000	111.170000	52.000000	-1.000000	40.000000	1.000
34.966324	35.873245	0.794962	65.000000	71.440000	41.000000	96.690000	41.000000	1.500
34.758001	32.845645	564.411987	220.000000	109.600000	47.000000	105.420000	31.000000	3.500
34.887933	32.499789	442.864380	166.000000	-1.000000	25.000000	-1.000000	25.000000	3.500
34.670741	32.946096	56.263172	114.000000	118.740000	45.000000	175.450000	-1.000000	1.500
34.900254	33.623172	0.000000	117.000000	2.000000	22.000000	44.000000	44.000000	7.500
34.713797	33.125924	68.189598	212.000000	157.260000	40.000000	155.470000	17.000000	3.500
34.955201	33.650069	4.772675	100.000000	300.000000	44.000000	310.000000	28.000000	1.500
33.941296	35.888694	2433.575195	133.000000	247.330000	77.000000	261.030000	43.000000	1.500
32.856801	35.260351	317.363373	180.000000	290.000000	70.000000	290.000000	10.000000	3.500
35.185452	33.382165	130.489471	99.000000	187.660000	50.000000	136.900000	50.000000	1.500
35.124523	33.337773	203.210159	-1.000000	-1.000000	30.000000	-1.000000	30.000000	1.000
35.166144	33.363363	149.403351	79.000000	104.640000	34.000000	325.940000	53.000000	3.500
34.684374	33.052475	14.387008	105.000000	111.700000	47.000000	198.220000	21.000000	1.500
34.688229	32.955035	92.938408	-1.000000	296.200000	40.000000	74.350000	61.000000	3.500
34.886980	32.475029	462.875214	148.000000	130.000000	24.000000	135.000000	3.000000	3.500
32.821884	35.190211	128.306259	190.000000	49.440000	70.000000	19.150000	25.000000	1.500
35.093599	33.205216	333.660461	137.000000	159.920000	44.000000	186.440000	16.000000	3.500
34.838745	32.858597	773.136292	142.000000	135.000000	25.000000	160.000000	10.000000	3.500
35.088155	33.375573	219.857040	109.000000	160.000000	16.000000	160.000000	14.000000	3.500
35.185317	33.357176	144.028778	166.000000	125.840000	59.000000	132.130000	40.000000	3.500
34.746583	33.148117	196.668884	148.000000	135.000000	45.000000	10.000000	10.000000	-1.00
34.665199	32.688494	250.578659	116.000000	115.730000	38.000000	141.630000	13.000000	3.500
34.966468	33.584463	63.612843	195.000000	-1.000000	27.000000	-1.000000	11.000000	1.500
34.929364	33.408894	290.131042	109.000000	-1.000000	-1.000000	-1.000000	18.000000	1.500
34.694209	33.042060	52.199909	179.000000	45.000000	44.000000	45.000000	44.000000	1.500
35.016333	33.932850	57.521343	122.000000	108.850000	67.000000	81.240000	78.000000	3.500
34.987513	33.966929	5.600446	147.000000	290.000000	41.000000	210.000000	13.000000	3.500
35.093888	33.205189	332.110840	140.000000	160.000000	44.000000	186.000000	16.000000	3.500
34.653624	32.957337	20.375654	116.000000	215.150000	45.000000	217.950000	45.000000	1.500
34.925371	33.615587	16.973482	125.000000	160.000000	35.000000	160.000000	20.000000	1.500
34.700253	32.940850	179.959671	91.000000	157.170000	57.000000	193.620000	63.000000	3.500
34.688324	33.060290	14.518080	180.000000	-1.000000	32.000000	-1.000000	20.000000	1.500
35.146418	33.248616	199.871719	45.000000	180.000000	55.000000	180.000000	60.000000	1.500
35.138951	33.275664	222.034851	212.000000	10.010000	16.000000	9.520000	14.000000	3.500
34.721970	33.080676	70.507156	314.000000	-1.000000	27.000000	3.370000	34.000000	1.500
34.693176	33.023886	46.418278	129.000000	6.190000	24.000000	297.980000	-1.000000	1.500
35.003260	34.003466	113.356956	98.000000	165.720000	41.000000	174.660000	31.000000	1.000
32.821841	35.190127	127.314987	194.000000	30.430000	90.000000	337.920000	27.000000	3.500
