-200 0.21633767292902034
-199.8 0.21642884105370663
-199.6 0.21652012050301037
-199.4 0.2166114996030346
-199.2 0.21670296615994672
-199 0.21679450744603326
-198.8 0.21688611018594464
-198.6 0.21697776054325016
-198.4 0.21706944410729215
-198.2 0.21716114588071436
-198 0.21725285026730634
-197.8 0.21734454106080428
-197.6 0.21743620143437378
-197.4 0.21752781393098689
-197.2 0.21761936045519342
-197 0.2177108222657899
-196.8 0.2178021799701245
-196.6 0.21789341351990518
-196.4 0.21798450220883922
-196.2 0.2180754246721179
-196 0.21816615888812388
-195.8 0.2182566821824646
-195.6 0.21834697123445998
-195.4 0.21843700208650768
-195.2 0.21852675015622527
-195 0.21861619025185297
-194.8 0.21870529659082555
-194.6 0.21879404282204487
-194.4 0.21888240205157578
-194.2 0.21897034687236838
-194 0.2190578493977136
-193.8 0.21914488129890694
-193.6 0.2192314138468677
-193.4 0.21931741795793594
-193.2 0.21940286424386504
-193 0.21948772306565992
-192.8 0.21957196459170236
-192.6 0.2196555588593164
-192.4 0.21973847584016093
-192.2 0.21982068550889053
-192 0.21990215791467235
-191.8 0.21998286325543953
-191.6 0.22006277195413249
-191.4 0.22014185473663153
-191.2 0.22022008271062737
-191 0.22029742744497502
-190.8 0.22037386104870677
-190.6 0.22044935624919704
-190.4 0.22052388646839172
-190.2 0.22059742589685757
-190 0.20535410268207469
-189.8 0.20545844391710233
-189.6 0.2055628860891975
-189.4 0.20566741904862845
-189.2 0.20577203238848837
-189 0.2058767154446752
-188.8 0.20598145729634487
-188.6 0.20608624676673437
-188.4 0.20619107242452536
-188.2 0.2093893253672939
-188 0.20949359771181775
-187.8 0.20959785942737155
-187.6 0.20970209834876724
-187.4 0.2098063020698057
-187.2 0.20991045794828023
-187 0.21001455311121453
-186.8 0.2101185744612047
-186.6 0.21022250868330275
-186.4 0.21032634225259245
-186.2 0.21043006144273693
-186 0.21053365233512453
-185.8 0.21063710082900775
-185.6 0.21074039265236216
-185.4 0.2108435133736838
-185.2 0.21094644841457674
-185 0.2110491830633144
-184.8 0.2111517024892683
-184.6 0.21125399175814732
-184.4 0.21135603584828047
-184.2 0.2114578196676292
-184 0.2115593280718378
-183.8 0.2116605458829713
-183.6 0.21176145790930503
-183.4 0.21186204896574545
-183.2 0.2119623038951665
-183 0.2120622075904169
-182.8 0.21216174501711998
-182.6 0.21226090123701563
-182.4 0.2123596614320247
-182.2 0.21245801092879704
-182 0.21255593522372046
-181.8 0.21265342000835194
-181.6 0.21275045119517336
-181.4 0.212847014943574
-181.2 0.2129430976859099
-181 0.21303868615375499
-180.8 0.21313376740398696
-180.6 0.21322832884466822
-180.4 0.21332235826082618
-180.2 0.21341584383973625
-180 0.21350877419574507
-179.8 0.21360113839448705
-179.6 0.20543320844049112
-179.4 0.20552503512874326
-179.2 0.20561714417329638
-179 0.2057095349815377
-178.8 0.2058022069242921
-178.6 0.2058951593352457
-178.4 0.20598839151050088
-178.2 0.20608190270795382
-178 0.20617569214673118
-177.8 0.2062697590067297
-177.6 0.20636410242794534
-177.4 0.20645872150998124
-177.2 0.20655361531147273
-177 0.20664878284949614
-176.8 0.2067442230990582
-176.6 0.2068399349924352
-176.4 0.20693591741867162
-176.2 0.20703216922291182
-176 0.2071286892059463
-175.8 0.207225476123545
-175.6 0.20732252868585646
-175.4 0.2074198455568856
-175.2 0.20751742535388515
-175 0.20761526664674967
-174.8 0.20771336795745532
-174.6 0.20781172775947362
-174.4 0.2079103444771522
-174.2 0.20800921648519563
-174 0.20810834210807347
-173.8 0.20820771961932671
-173.6 0.20830734724119254
-173.4 0.2084072231438718
-173.2 0.20850734544503086
-173 0.2086077122092026
-172.8 0.20870832144728774
-172.6 0.20880917111591057
-172.4 0.20891025911695232
-172.2 0.2090115832969682
-172 0.2091131414466698
-171.8 0.209214931300391
-171.6 0.20931695053554164
-171.4 0.20941919677215554
-171.2 0.20952166757234392
-171 0.20962436043983368
-170.8 0.20972727281946899
-170.6 0.209830402096725
-170.4 0.20993374559733777
-170.2 0.2100373005867394
-170 0.21014106426974624
-169.8 0.2102450337900693
-169.6 0.2103492062299189
-169.4 0.21045357860970404
-169.2 0.2105581478875601
-169 0.21066291095906728
-168.8 0.2107678646569246
-168.6 0.21087300575059992
-168.4 0.21097833094610727
-168.2 0.21108383688564927
-168 0.2111895201474696
-167.8 0.21129537724561037
-167.6 0.21140140462963203
-167.4 0.21150759868460925
-167.2 0.21161395573077488
-167 0.2117204720236242
-166.8 0.21182714375364015
-166.6 0.21193396704637066
-166.4 0.21204093796232298
-166.2 0.2121480524969794
-166 0.21225530658086708
-165.8 0.21236269607954997
-165.6 0.21247021679386485
-165.4 0.21257786445990498
-165.2 0.21268563474926766
-165 0.21279352326932388
-164.8 0.21290152556336162
-164.6 0.21300963711093487
-164.4 0.213117853328189
-164.2 0.21322616956823034
-164 0.21333458112152845
-163.8 0.2134430832164044
-163.6 0.21355167101952066
-163.4 0.21366033963636644
-163.2 0.2137690841120091
-163 0.21387789943155291
-162.8 0.21398678052099512
-162.6 0.21409572224786197
-162.4 0.2142047194220084
-162.2 0.21431376679654482
-162 0.21442285906862926
-161.8 0.21453199088051045
-161.6 0.21464115682042112
-161.4 0.21475035142378435
-161.2 0.21485956917418786
-161 0.21496880450463599
-160.8 0.21507805179877806
-160.6 0.21518730539212205
-160.4 0.21529655957349036
-160.2 0.2154058085863042
-160 0.21551504663016052
-159.8 0.21562426786227884
-159.6 0.2157334663990918
-159.4 0.21584263631792955
-159.2 0.21595177165871143
-159 0.21606086642569333
-158.8 0.2161699145892921
-158.6 0.21627891008804367
-158.4 0.21638784683046813
-158.2 0.21649671869716472
-158 0.2166055195428342
-157.8 0.21671424319842653
-157.6 0.21682288347341028
-157.4 0.21693143415793667
-157.2 0.21561550194203508
-157 0.21572433411682762
-156.8 0.21583310014567142
-156.6 0.21594179376160919
-156.4 0.21605040868668712
-156.2 0.21615893863473784
-156 0.2162673773138938
-155.8 0.21637571842950704
-155.6 0.21648395568683357
-155.4 0.2165920827940285
-155.2 0.21670009346496738
-155 0.2168079814222739
-154.8 0.21691574040036302
-154.6 0.21702336414853876
-154.4 0.21713084643410246
-154.2 0.21723818104550924
-154 0.21734536179576167
-153.8 0.21745238252547605
-153.6 0.21755923710639075
-153.4 0.21766591944462946
-153.2 0.21777242348415793
-153 0.21787874321023223
-152.8 0.2179848726528943
-152.6 0.21809080589045837
-152.4 0.21819653705309067
-152.2 0.2183020603264427
-152 0.21840736995516283
-151.8 0.2149147450140995
-151.6 0.2150254581602898
-151.4 0.21513611449721862
-151.2 0.21524670936406873
-151 0.21535723811343108
-150.8 0.21546769611322278
-150.6 0.21557807874851245
-150.4 0.2156883814234288
-150.2 0.21579859956303987
-150 0.21590872861520155
-149.8 0.21601876405248213
-149.6 0.21612870137408455
-149.4 0.21623853610764282
-149.2 0.2163482638112931
-149 0.2164578800753758
-148.8 0.21656738052451616
-148.6 0.21667676081935522
-148.4 0.21678601665856617
-148.2 0.21689514378065589
-148 0.2170041379658489
-147.8 0.21711299503797948
-147.6 0.21722171086628903
-147.4 0.21222228456231318
-147.2 0.2123313133016581
-147 0.21244044303804302
-146.8 0.2125496709391252
-146.6 0.21265899416574657
-146.4 0.21276840987298706
-146.2 0.2128779152108492
-146 0.21298750732524624
-145.8 0.21309718335877442
-145.6 0.21320694045176355
-145.4 0.21331677574305116
-145.2 0.21342668637101025
-145 0.21353666947445912
-144.8 0.2136467221936172
-144.6 0.21375684167112882
-144.4 0.2138670250529294
-144.2 0.2139772694894252
-144 0.21408757213633164
-143.8 0.2141979301558067
-143.6 0.21430834071743518
-143.4 0.2144188009993156
-143.2 0.2145293081890618
-143 0.21463985948496286
-142.8 0.2147504520969758
-142.6 0.21486108324781522
-142.4 0.21497175017411926
-142.2 0.21508245012749183
-142 0.21519318037569407
-141.8 0.2153039382036406
-141.6 0.21541472091464386
-141.4 0.21552552583152373
-141.2 0.21563635029766726
-141 0.21574719167830944
-140.8 0.2158580473615711
-140.6 0.21596891475969107
-140.4 0.21607979131013455
-140.2 0.21619067447675608
-140 0.21630156175100865
-139.8 0.21641245065305353
-139.6 0.21652333873298035
-139.4 0.21663422357192025
-139.2 0.21674510278323794
-139 0.21685597401372986
-138.8 0.21696683494470445
-138.6 0.21707768329321583
-138.4 0.2171885168132091
-138.2 0.2172993332965786
-138 0.21741013057493527
-137.8 0.21752090651853956
-137.6 0.21763165904133122
-137.4 0.21774238609853896
-137.2 0.2178530856893073
-137 0.2148009958922509
-136.8 0.21490174465798983
-136.6 0.2150024884742384
-136.4 0.2151032246447574
-136.2 0.21520395048024601
-136 0.21530466329904444
-135.8 0.2154053604278812
-135.6 0.2155060392026079
-135.4 0.21560669696897589
-135.2 0.2157073310833822
-135 0.215807938913578
-134.8 0.21590851783951687
-134.6 0.2160090652540657
-134.4 0.21610957856386415
-134.2 0.21621005518993558
-134 0.21631049256868864
-133.8 0.2121322298091112
-133.6 0.21223303746319283
-133.4 0.2123339602675325
-133.2 0.21243499613074887
-133 0.21253614295245127
-132.8 0.2108909491121622
-132.6 0.21099276829479183
-132.4 0.21109473791302324
-132.2 0.2111968558377264
-132 0.2112991199298702
-131.8 0.21140152804120138
-131.6 0.21150407801488472
-131.4 0.21160676768622766
-131.2 0.2117095948833726
-131 0.21181255742801133
-130.8 0.21191565313615446
-130.6 0.2120188798188543
-130.4 0.2121222352830128
-130.2 0.2122257173321647
-130 0.21232932376726904
-129.8 0.21243305238753699
-129.6 0.2125369009913263
-129.4 0.2126408673769206
-129.2 0.2127449493434649
-129 0.2128491446918337
-128.8 0.21295345122551865
-128.6 0.2130578667516185
-128.4 0.21316238908168633
-128.2 0.21326701603275047
-128 0.21337174542825077
-127.8 0.21347657509907939
-127.6 0.21358150288445882
-127.4 0.21368652663306914
-127.2 0.21379164420403532
-127 0.21389685346793502
-126.8 0.214002152307922
-126.6 0.21410753862068774
-126.4 0.21421301031768158
-126.2 0.21431856532599966
-126 0.21442420158971146
-125.8 0.21452991707082114
-125.6 0.21463570975037574
-125.4 0.21474157762972498
-125.2 0.2148475187315536
-125 0.21495353110104773
-124.8 0.2150596128070738
-124.6 0.21516576194335243
-124.4 0.21527197662960262
-124.2 0.21537825501271282
-124 0.21548459526796881
-123.8 0.21559099560022263
-123.6 0.2156974542450355
-123.4 0.21580396946996322
-123.2 0.21591053957571046
-123 0.2160171628973079
-122.8 0.21612383780533184
-122.6 0.21623056270713956
-122.4 0.21633733604809355
-122.2 0.21644415631261057
-122 0.2165510220255848
-121.8 0.2166579317533798
-121.6 0.21676488410519562
-121.4 0.21687187773412595
-121.2 0.21697891133835207
-121 0.21708598366247886
-120.8 0.21719309349845264
-120.6 0.21730023968697088
-120.4 0.21740742111845734
-120.2 0.21751463673423568
-120 0.21762188552776274
-119.8 0.21772916654571467
-119.6 0.2178364788889149
-119.4 0.21794382171304566
-119.2 0.2180511942325531
-119 0.21815859571580645
-118.8 0.21826602549237026
-118.6 0.21837348295049833
-118.4 0.21848096753920984
-118.2 0.2185884787688763
-118 0.21869601621260518
-117.8 0.21880357950682444
-117.6 0.21891116835236596
-117.4 0.21901878251541743
-117.2 0.21912642182815273
-117 0.21923408618984158
-116.8 0.219341775567455
-116.6 0.2194494899965461
-116.4 0.2195572295818918
-116.2 0.21591330993564456
-116 0.2160094107661976
-115.8 0.2161055659360046
-115.6 0.21620177471043536
-115.4 0.21629803638136058
-115.2 0.21639435026757872
-115 0.2164907157150356
-114.8 0.2165871320972845
-114.6 0.21222430409503681
-114.4 0.21232130365858848
-114.2 0.21241851904272113
-114 0.2125159501309286
-113.8 0.21261359680694403
-113.6 0.2127114589551043
-113.4 0.21280953646027678
-113.2 0.21290782920766635
-113 0.21300633708322808
-112.8 0.21310505997342669
-112.6 0.21320399776539042
-112.4 0.21330315034691133
-112.2 0.21340251760643134
-112 0.2135020994330774
-111.8 0.21360189571675486
-111.6 0.21370190634808084
-111.4 0.21380213121844371
-111.2 0.21390257022000317
-111 0.21400322324560597
-110.8 0.21410409018905607
-110.6 0.21420517094481586
-110.4 0.2143064654082261
-110.2 0.2144079734753837
-110 0.21450969504319595
-109.8 0.2146116300092446
-109.6 0.21471377827193636
-109.4 0.21481613973059635
-109.2 0.21491871428508336
-109 0.21502150183604954
-108.8 0.21512450228459587
-108.6 0.21522771553306758
-108.4 0.2153311414836919
-108.2 0.2154347800398365
-108 0.2155386311050418
-107.8 0.2156426945842239
-107.6 0.21574697038072943
-107.4 0.2158514584014784
-107.2 0.21595615855021022
-107 0.21606107072616917
-106.8 0.2161661948556765
-106.6 0.21627153082399536
-106.4 0.21637707854418628
-106.2 0.21648283792200984
-106 0.21658880886450324
-105.8 0.21669499127579606
-105.6 0.2168013850612523
-105.4 0.2169079901263473
-105.2 0.21701480637475182
-105 0.21712183371041352
-104.8 0.21722907203573963
-104.6 0.21733652125272818
-104.4 0.21744418126246814
-104.2 0.21755205196424496
-104 0.21766013325623718
-103.8 0.21776842503527222
-103.6 0.21787692719665408
-103.4 0.21798563963311615
-103.2 0.21809456223620505
-103 0.2182036948950226
-102.8 0.21831303749579375
-102.6 0.21842258992317148
-102.4 0.21853235205789948
-102.2 0.21864232377819331
-102 0.21875250495941612
-101.8 0.2188628954733071
-101.6 0.21897349518775233
-101.4 0.2190843039667766
-101.2 0.219195321669886
-101 0.21930654815316938
-100.8 0.2194179832670739
-100.6 0.2195296268575299
-100.4 0.2196414787654559
-100.2 0.21975353882614065
-100 0.21986580686845036
-99.8 0.2199782827154287
-99.6 0.22009096618504884
-99.4 0.22020385708647494
-99.2 0.22031695522352684
-99 0.2183640558009652
-98.8 0.2184780745858003
-98.6 0.21859234559653265
-98.4 0.21870686859606858
-98.2 0.21882164333631515
-98 0.2189366695559328
-97.8 0.21905194698186142
-97.6 0.219167475325038
-97.4 0.21928325428505713
-97.2 0.21939928354604354
-97 0.21951556278219322
-96.8 0.21963209164459838
-96.6 0.21974886977526462
-96.4 0.21986589679767815
-96.2 0.21998317232126463
-96 0.22010069593479686
-95.8 0.22021846720725732
-95.6 0.22033648572236444
-95.4 0.22045475096795644
-95.2 0.22437232912769933
-95 0.22443779835533892
-94.8 0.22450340258913207
-94.6 0.2245691401302219
-94.4 0.2246350097896114
-94.2 0.22470101035866147
-94 0.22476714061581132
-93.8 0.22483339931551388
-93.6 0.22489978519912532
-93.4 0.22496629697742687
-93.2 0.22503293334911112
-93 0.22509969298331514
-92.8 0.2251665745350655
-92.6 0.22523357663409327
-92.4 0.2253006978898581
-92.2 0.22536793688805457
-92 0.22543529219370748
-91.8 0.2255027623465101
-91.6 0.2255703458638367
-91.4 0.22563804123994385
-91.2 0.22570584694435317
-91 0.22577376142192268
-90.8 0.22584178309398767
-90.6 0.2259099103559494
-90.4 0.22597814157756071
-90.2 0.2260464751037917
-90 0.22611490925253883
-89.8 0.2261834423155627
-89.6 0.22625207255834728
-89.4 0.2263207982182677
-89.2 0.2263896175063537
-89 0.21493476973232742
-88.8 0.21503507650869397
-88.6 0.2151355605225045
-88.4 0.2152362197844823
-88.2 0.21533705226461086
-88 0.21329195343460355
-87.8 0.21339355305240282
-87.6 0.2134953697702697
-87.4 0.21359740136647934
-87.2 0.21369964557181614
-87 0.21379773491193038
-86.8 0.21390476248986862
-86.6 0.21400763040933937
-86.4 0.21411070136279164
-86.2 0.21421397282526447
-86 0.21431744222589802
-85.8 0.2144211069377542
-85.6 0.21452496428480944
-85.4 0.21462901153597203
-85.2 0.21473324590939338
-85 0.21483766456782719
-84.8 0.21494226462200827
-84.6 0.21504704312819403
-84.4 0.21515199708814725
-84.2 0.21525712345124115
-84 0.2153624191091241
-83.8 0.215467880901569
-83.6 0.21557350561210306
-83.4 0.2156792899691607
-83.2 0.21578523064581662
-83 0.21589132426058102
-82.8 0.21599756737525724
-82.6 0.21610395649706565
-82.4 0.2162104880771567
-82.2 0.21631715851224387
-82 0.21642396414082288
-81.8 0.21653090124901708
-81.6 0.21663796606490265
-81.4 0.21674515476128647
-81.2 0.21685246345797224
-81 0.21695988821658801
-80.8 0.2170674250452075
-80.6 0.21717506989844593
-80.4 0.217282818672515
-80.2 0.2173906672140195
-80 0.21749861131057635
-79.8 0.21760664669996466
-79.6 0.2177147690660132
-79.4 0.21782297403819087
-79.2 0.21793125719485598
-79 0.21803961406050687
-78.8 0.21814804010991803
-78.6 0.21825653076683596
-78.4 0.21836508140552757
-78.2 0.21847368734803366
-78 0.21858234386784764
-77.8 0.21869104619460542
-77.6 0.21879978950198706
-77.4 0.21890856892992683
-77.2 0.21901737955423403
-77 0.21912621642335164
-76.8 0.21923507453136606
-76.6 0.21934394883316238
-76.4 0.2194528342355545
-76.2 0.2195617256432964
-76 0.21967061783781774
-75.8 0.21977950564301957
-75.6 0.2235131707104791
-75.4 0.22356913688306165
-75.2 0.22362498054278432
-75 0.22368069476736407
-74.8 0.22373627368987092
-74.6 0.22379171127414701
-74.4 0.22384700151171358
-74.2 0.22390213835723324
-74 0.22395711573748597
-73.8 0.22401192756119118
-73.6 0.22406656770848335
-73.4 0.22412103005081904
-73.2 0.22417530843144118
-73 0.22422939668610936
-72.8 0.2242832886364097
-72.6 0.2243369780894002
-72.4 0.2243904588480783
-72.2 0.22444372470690252
-72 0.22449676945552446
-71.8 0.22454958688250898
-71.6 0.22460217077704608
-71.4 0.2246545149308454
-71.2 0.22470661314103024
-71 0.22475845921281826
-70.8 0.2248100469611042
-70.6 0.2248613702142344
-70.4 0.2249124228153435
-70.2 0.22496319862625444
-70 0.2250136915293235
-69.8 0.22506389543002123
-69.6 0.2251138042605444
-69.4 0.2251634119816624
-69.2 0.22521271258576014
-69 0.2252617001001103
-68.8 0.2253103685889928
-68.6 0.2253587121570158
-68.4 0.2254067249518692
-68.2 0.2254544011673994
-68 0.21408483203235076
-67.8 0.21416239979005353
-67.6 0.21423969120010897
-67.4 0.2143167005116533
-67.2 0.21439342202343611
-67 0.21446985008661376
-66.8 0.2121730621127273
-66.6 0.21224915309318043
-66.4 0.21232498261833635
-66.2 0.21240054523346263
-66 0.2124758355474035
-65.8 0.21255084823559836
-65.6 0.2126255780429201
-65.4 0.21270001978662895
-65.2 0.21277416835927637
-65 0.21284801873155318
-64.8 0.21292156595515332
-64.6 0.21299480516566116
-64.4 0.21306773158527656
-64.2 0.21314034052565858
-64 0.21321262739065597
-63.8 0.21328458767904723
-63.6 0.21335621698715534
-63.4 0.21342751101154284
-63.2 0.2134984655515966
-63 0.21356907651206367
-62.8 0.21363933990555015
-62.6 0.21370925185499168
-62.4 0.20946975350607527
-62.2 0.20953677463017004
-62 0.20960358200953036
-61.8 0.2096701710930294
-61.6 0.209736537348119
-61.4 0.20373157123344413
-61.2 0.20379778836458468
-61 0.2038640398589944
-60.8 0.203930321859669
-60.6 0.20399663046979602
-60.4 0.20406296175333374
-60.2 0.2041293117355846
-60 0.20419567640376698
-59.8 0.20426205170762837
-59.6 0.2043284335601565
-59.4 0.20439481783817748
-59.2 0.2044612003831091
-59 0.20452757700167282
-58.8 0.2045939434666759
-58.6 0.20466029551776121
-58.4 0.2047266288622954
-58.2 0.20479293917612013
-58 0.2048592221045031
-57.8 0.20492547326300692
-57.6 0.20499168823842875
-57.4 0.2050578625897514
-57.2 0.20512399184918345
-57 0.2051900715230624
-56.8 0.2052560970930326
-56.6 0.2053220640170246
-56.4 0.2053879677304129
-56.2 0.20545380364710691
-56 0.20551956716076117
-55.8 0.20558525364588967
-55.6 0.20565085845915657
-55.4 0.2057163769405539
-55.2 0.20578180441471242
-55 0.20584713619217743
-54.8 0.2059123675707478
-54.6 0.20597749383678332
-54.4 0.20604251026661768
-54.2 0.20610741212794523
-54 0.20617219468124431
-53.8 0.20623685318121085
-53.6 0.20630138287823171
-53.4 0.20636577901988784
-53.2 0.20643003685251424
-53 0.20649415162257526
-52.8 0.2065581185784523
-52.6 0.20662193297185916
-52.4 0.2066855900594781
-52.2 0.20674908510460865
-52 0.20681241337874678
-51.8 0.20687557016331884
-51.6 0.20693855075120185
-51.4 0.2070013504487346
-51.2 0.20706396457685153
-51 0.20712638847351778
-50.8 0.20718861749469472
-50.6 0.20725064701684842
-50.4 0.2073124724379176
-50.2 0.20737408917957623
-50 0.20743549268949943
-49.8 0.2074966784411628
-49.6 0.20755764193818582
-49.4 0.2076183787144758
-49.2 0.20767888433656095
-49 0.20773915440510327
-48.8 0.2077991845568692
-48.6 0.20785897046675816
-48.4 0.2079185078491179
-48.2 0.20797779245983664
-48 0.20803682009813437
-47.8 0.20809558660814298
-47.6 0.20815408788097595
-47.4 0.2082123198562101
-47.2 0.20827027852386165
-47 0.2083279599260263
-46.8 0.20838536015862483
-46.6 0.208442475373187
-46.4 0.2084993017784973
-46.2 0.20855583564234426
-46 0.20861207329320466
-45.8 0.2086680111218315
-45.6 0.2087236455830184
-45.4 0.2087789731970978
-45.2 0.20883399055166424
-45 0.2088886943030241
-44.8 0.20894308117788132
-44.6 0.2089971479747592
-44.4 0.20905089156553858
-44.2 0.20910430889697582
-44 0.20915739699207328
-43.8 0.20921015295153178
-43.6 0.2092625739550836
-43.4 0.2093146572629366
-43.2 0.20413457297622492
-43 0.20417175491005515
-42.8 0.2042086452913756
-42.6 0.2042452397662113
-42.4 0.204281533993155
-42.2 0.19837054567299656
-42 0.19840619447131527
-41.8 0.19844175953449053
-41.6 0.19847723693297403
-41.4 0.1985126227089569
-41.2 0.19854791287734594
-41 0.19858310342667349
-40.8 0.1986181903202237
-40.6 0.19865316949701925
-40.4 0.1986880368730051
-40.2 0.204645024198644
-40 0.2046798275588301
-39.8 0.20471450737727076
-39.6 0.2047490595577223
-39.4 0.20478347998726268
-39.2 0.20481776453749764
-39 0.20485190906601974
-38.8 0.20488590941773444
-38.6 0.20491976142631022
-38.4 0.20495346091572106
-38.2 0.20498700370164138
-38 0.20502038559317576
-37.8 0.20505360239426398
-37.6 0.2050866499054644
-37.4 0.20511952392557165
-37.2 0.20515222025333407
-37 0.20518473468917753
-36.8 0.2052170630370453
-36.6 0.20524920110623368
-36.4 0.20528114471315184
-36.2 0.2053128896833616
-36 0.2053444318534175
-35.8 0.2053757670728752
-35.6 0.2054068912062948
-35.4 0.20543780013526744
-35.2 0.20546848976056906
-35 0.20549895600411622
-34.8 0.20552919481127951
-34.6 0.20555920215287068
-34.4 0.20558897402753673
-34.2 0.20561850646383045
-34 0.20564779552259171
-33.8 0.20567683729910113
-33.6 0.20570562792550354
-33.4 0.20573416357319846
-33.2 0.2057624404549088
-33 0.2057904548273745
-32.8 0.20581820299359524
-32.6 0.205845681305237
-32.4 0.20587288616532684
-32.2 0.20589981403019764
-32 0.20592646141239018
-31.8 0.20595282488295588
-31.6 0.20597890107407865
-31.4 0.20600468668131927
-31.2 0.20603017846633334
-31 0.2060553732590568
-30.8 0.2060802679613932
-30.6 0.20610482130744714
-30.4 0.20612914506781038
-30.2 0.20615312165243346
-30 0.20617678651213311
-29.8 0.20620013694000172
-29.6 0.2062231703167661
-29.4 0.2062458841109434
-29.2 0.20626827588190538
-29 0.20629034328256773
-28.8 0.20631208406192839
-28.6 0.20633349606677734
-28.4 0.20635457724482223
-28.2 0.20637532564641853
-28 0.2063957394274841
-27.8 0.20641581685115323
-27.6 0.2064355562905645
-27.4 0.20645495623067053
-27.2 0.20647401527064602
-27 0.20649273212598396
-26.8 0.2065111056303988
-26.6 0.20652913473811554
-26.4 0.20654681852566317
-26.2 0.2065641561938564
-26 0.20658114706976305
-25.8 0.20659779060825226
-25.6 0.20661408639411707
-25.4 0.20663003414344389
-25.2 0.20664563370545325
-25 0.2066608850638506
-24.8 0.2066757883384632
-24.6 0.2066903437866078
-24.4 0.20670455180441374
-24.2 0.20671841292803075
-24 0.20673192783485858
-23.8 0.20165697787234496
-23.6 0.20165821246547075
-23.4 0.20165919387278103
-23.2 0.195427220826987
-23 0.19542732998537998
-22.8 0.19542744020649125
-22.6 0.19542755148782787
-22.4 0.19542766382688112
-22.2 0.19542777722112326
-22 0.19542789166807975
-21.8 0.19542800716526953
-21.6 0.195428123710173
-21.4 0.19542824130032696
-21.2 0.19542835993328228
-21 0.19542847960650878
-20.8 0.19542860031759968
-20.6 0.19542872206406373
-20.4 0.19542884484346204
-20.2 0.19542896865333043
-20 0.19542909349123513
-19.8 0.19542921935473087
-19.6 0.19542934624140362
-19.4 0.19542947414879797
-19.2 0.19542960307450674
-19 0.19542973301611494
-18.8 0.19542986397120085
-18.6 0.19542999593735663
-18.4 0.19543012891218906
-18.2 0.19543026289329585
-18 0.19543039787828625
-17.8 0.19543053386477752
-17.6 0.19543067085039048
-17.4 0.19543080883272587
-17.2 0.1954309478094359
-17 0.1954310877781548
-16.8 0.1954312287365155
-16.6 0.19543137068215194
-16.4 0.19543151361273292
-16.2 0.1954316575258981
-16 0.1954318024193219
-15.8 0.19543194829065416
-15.6 0.1954320951375678
-15.4 0.19543224295773878
-15.2 0.1954323917488448
-15 0.19543254150857944
-14.8 0.1954326922346172
-14.6 0.19543284392466215
-14.4 0.19543299657642094
-14.2 0.19543315018759186
-14 0.19543330475587437
-13.8 0.19543346027900138
-13.6 0.19543361675467172
-13.4 0.19543377418062405
-13.2 0.19543393255458827
-13 0.19543409187430094
-12.8 0.19543425213748689
-12.6 0.19543441334190512
-12.4 0.19543457548528506
-12.2 0.19543473856541313
-12 0.1954349025800138
-11.8 0.19543506752688738
-11.6 0.1954352334037545
-11.4 0.19543540020843855
-11.2 0.19543556793867903
-11 0.1954357365922911
-10.8 0.1954359061670346
-10.6 0.1954360766607108
-10.4 0.19543624807113316
-10.2 0.19543642039608622
-10 0.19543659363337995
-9.8 0.19543676778083713
-9.6 0.19543694283626414
-9.4 0.19543711879747827
-9.2 0.1954372956623112
-9 0.1954374734286001
-8.8 0.19543765209418312
-8.6 0.19543783165687625
-8.4 0.1954380121145513
-8.2 0.19543819346504657
-8 0.19543837570622355
-7.8 0.1954385588359301
-7.6 0.19543874285202492
-7.4 0.19543892775240673
-7.2 0.19543911353491913
-7 0.19543930019745587
-6.8 0.19543948773788963
-6.6 0.1954396761541104
-6.4 0.1954398654440133
-6.2 0.19544005560549146
-6 0.1954402466364492
-5.8 0.19544043853478535
-5.6 0.19544063129842024
-5.4 0.19544082492525916
-5.2 0.19544101941322892
-5 0.19544121476024678
-4.8 0.19544141096424064
-4.6 0.19544160802314364
-4.4 0.19544180593490212
-4.2 0.1954420046974417
-4 0.195442204308727
-3.8 0.1954424047666941
-3.6 0.1954426060693113
-3.4 0.19544280821452345
-3.2 0.19544301120031013
-3 0.1954432150246291
-2.8 0.19544341968546058
-2.6 0.19544362518077305
-2.4 0.19544383150855615
-2.2 0.19544403866680235
-2 0.19544424665349153
-1.8 0.1954444554666187
-1.6 0.19544466510419034
-1.4 0.19544487556419896
-1.2 0.1954450868446748
-1 0.19544529894360968
-0.8 0.1954455118590306
-0.6 0.19544572558895504
-0.4 0.19544594013141287
-0.2 0.19544615548443173
0 0.1954463716460459
0.2 0.20396034746274494
0.4 0.20396064903095992
0.6 0.20396095071103607
0.8 0.20396125250403
1 0.20396155441099265
1.2 0.20396185643295517
1.4 0.20396215857094654
1.6 0.2039624608260002
1.8 0.20396276319911585
2 0.20396306569129594
2.2 0.20396336830352851
2.4 0.20396367103680157
2.6 0.20396397389209414
2.8 0.2039642768703615
3 0.20396457997256512
3.2 0.20396488319964942
3.4 0.20396518655256302
3.6 0.20396549003222886
3.8 0.2039657936395642
4 0.20396609737547966
4.2 0.2039664012408884
4.4 0.20396670523668403
4.6 0.20396700936374243
4.8 0.20396731362295523
5 0.20396761801519053
5.2 0.20396792254130353
5.4 0.20396822720215219
5.6 0.20396853199857554
5.8 0.20396883693142137
6 0.20396914200151736
6.2 0.20396944720966884
6.4 0.20396975255670724
6.6 0.203970058043435
6.8 0.2039703636706389
7 0.2039706694391224
7.2 0.20397097534965783
7.4 0.20397128140301513
7.6 0.2039715875999686
7.8 0.20397189394127896
8 0.20397220042768593
8.2 0.2039725070599423
8.4 0.20397281383878274
8.6 0.203973120764934
8.8 0.20397342783911507
9 0.20397373506204078
9.2 0.2039740424344261
9.4 0.20397434995695687
9.6 0.20397465763033024
9.8 0.2039749654552314
10 0.20397527343234426
10.2 0.20397558156233353
10.4 0.20397588984585724
10.6 0.20397619828358088
10.8 0.2039765068761543
11 0.20397681562421655
11.2 0.20397712452840885
11.4 0.20397743358934853
11.6 0.20397774280767111
11.8 0.20397805218399123
12 0.20397836171890457
12.2 0.20397867141302928
12.4 0.20397898126695743
12.6 0.20397929128127043
12.8 0.20397960145656044
13 0.20397991179340172
13.2 0.2039802222923654
13.4 0.20398053295400712
13.6 0.20398084377889858
13.8 0.2039811547675795
14 0.20398146592059951
14.2 0.20398177723849767
14.4 0.20398208872180204
14.6 0.20398240037105098
14.8 0.20398271218674857
15 0.20398302416941433
15.2 0.20398333631956972
15.4 0.20398364863769944
15.6 0.2039839611243147
15.8 0.20398427377989428
16 0.2039845866049241
16.2 0.20398489959989097
16.4 0.20398521276525894
16.6 0.20398552610150938
16.8 0.20398583960909186
17 0.20398615328846464
17.2 0.2039864671400815
17.4 0.20398678116439492
17.6 0.20398709536182194
17.8 0.20398740973280996
18 0.2039877242777902
18.2 0.20398803899718734
18.4 0.2039883538914135
18.6 0.20398866896088277
18.8 0.20398898420599865
19 0.20398929962716597
19.2 0.20398961522478348
19.4 0.20398993099923926
19.6 0.20399024695092619
19.8 0.2039905630802128
20 0.2039908793874855
20.2 0.20399119587310782
20.4 0.20399151253745293
20.6 0.20399182938086693
20.8 0.20399214640373128
21 0.20399246360637274
21.2 0.20399278098914403
21.4 0.20399309855239425
21.6 0.2039934162964573
21.8 0.20399373422164474
22 0.20399405232830461
22.2 0.20399437061676098
22.4 0.20399468908731977
22.6 0.20399500774028417
22.8 0.20399532657599267
23 0.20399564559472336
23.2 0.20399596479677454
23.4 0.20399628418245738
23.6 0.20399660375205153
23.8 0.20399692350582335
24 0.20399724344408515
24.2 0.20399756356709803
24.4 0.2039978838751299
24.6 0.20399820436845842
24.8 0.20399852504732607
25 0.20399884591202092
25.2 0.20399916696277826
25.4 0.2039994881998472
25.6 0.20399980962347658
25.8 0.20400013123391678
26 0.20400045303138511
26.2 0.20400077501613828
26.4 0.20400109718839762
26.6 0.2040014195483679
26.8 0.20400174209629243
27 0.20400206483238875
27.2 0.2040023877568508
27.4 0.2040027108699095
27.6 0.204003034171757
27.8 0.20400335766259625
28 0.20400368134261943
28.2 0.20400400521202738
28.4 0.20400432927101256
28.6 0.2040046535197467
28.8 0.20400497795842426
29 0.20400530258721128
29.2 0.20400562740629807
29.4 0.2040059524158326
29.6 0.20400627761600773
29.8 0.20400660300696635
30 0.20400692858887454
30.2 0.20400725436188358
30.4 0.20400758032616398
30.6 0.20400790648183395
30.8 0.20400823282905803
31 0.20400855936797888
31.2 0.20400888609872506
31.4 0.20400921302144284
31.6 0.20400954013624065
31.8 0.20400986744327457
32 0.2040101949426536
32.2 0.20401052263449676
32.4 0.20401085051892698
32.6 0.2040111785960516
32.8 0.20401150686598707
33 0.20401183532884243
33.2 0.20401216398472286
33.4 0.20401249283371606
33.6 0.20401282187593334
33.8 0.20401315111146628
34 0.20401348054039967
34.2 0.20401381016283252
34.4 0.2040141399788417
34.6 0.20401446998851042
34.8 0.204014800191916
35 0.20401513058914345
35.2 0.2040154611802587
35.4 0.20401579196532219
35.6 0.20401612294440877
35.8 0.2040164541175946
36 0.20401678548491758
36.2 0.20401711704645073
36.4 0.20401744880224398
36.6 0.20401778075234445
36.8 0.20401811289681554
37 0.2040184452356869
37.2 0.20401877776901112
37.4 0.20401911049682772
37.6 0.20401944341917116
37.8 0.2040197765360759
38 0.20402010984757943
38.2 0.2040204433537118
38.4 0.20402077705448746
38.6 0.20402111094994616
38.8 0.20402144504010022
39 0.20402177932497392
39.2 0.20402211380456792
39.4 0.20402244847890724
39.6 0.20402278334800195
39.8 0.2040231184118634
40 0.20402345367049143
40.2 0.2040237891238956
40.4 0.20402412477206072
40.6 0.20402446061500426
40.8 0.20402479665271042
41 0.20402513288517385
41.2 0.2040254693123882
41.4 0.20402580593433858
41.6 0.2040261427510146
41.8 0.20402647976238428
42 0.2040268169684459
42.2 0.20402715436916638
42.4 0.20402749196453354
42.6 0.20402782975450431
42.8 0.2040281677390712
43 0.20402850591818159
43.2 0.20402884429181123
43.4 0.2040291828599392
43.6 0.20402952162250165
43.8 0.20402986057947164
44 0.20403019973080808
44.2 0.20403053907645813
44.4 0.20403087861639418
44.6 0.2040312183505377
44.8 0.2040315582788677
45 0.20403189840130576
45.2 0.20403223871781415
45.4 0.20403257922832985
45.6 0.20403291993277883
45.8 0.20403326083112613
46 0.2040336019232922
46.2 0.20403394320921184
46.4 0.20403428468881596
46.6 0.20403462636204509
46.8 0.20403496822880782
47 0.2040353102890557
47.2 0.20403565254269235
47.4 0.2040359949896449
47.6 0.20403633762984177
47.8 0.20403668046318402
48 0.2040370234896061
48.2 0.20403736670900874
48.4 0.20403771012131888
48.6 0.20403805372642908
48.8 0.2040383975242641
49 0.2040387415147166
49.2 0.2040390856977097
49.4 0.20403943007313008
49.6 0.20403977464087944
49.8 0.2040401194008776
50 0.2040404643529986
50.2 0.20404080949714543
50.4 0.20404115483322494
50.6 0.20404150036111074
50.8 0.20404184608070225
51 0.20404219199189919
51.2 0.2040425380945669
51.4 0.20404288438860654
51.6 0.2040432308738955
51.8 0.20404357755032193
52 0.20404392441776295
52.2 0.2040442714760988
52.4 0.2040446187252023
52.6 0.2040449661649557
52.8 0.20404531379522767
53 0.20404566161589494
53.2 0.2040460096268265
53.4 0.20404635782789224
53.6 0.20404670621896512
53.8 0.20404705479989751
54 0.2040474035705744
54.2 0.20404775253083887
54.4 0.2040481016805711
54.6 0.20404845101960797
54.8 0.20404880054784202
55 0.20404915026509637
55.2 0.20404950017124948
55.4 0.20404985026614475
55.6 0.20405020054963818
55.8 0.2040505510215839
56 0.20405090168181825
56.2 0.20405125253022088
56.4 0.20405160356661367
56.6 0.20405195479084312
56.8 0.20405230620275888
57 0.20405265780221027
57.2 0.20405300958903216
57.4 0.20405336156307366
57.6 0.20405371372415285
57.8 0.20405406607212842
58 0.2040544186068342
58.2 0.20405477132809322
58.4 0.2040551242357646
58.6 0.2040554773296469
58.8 0.20405583060960014
59 0.20405618407544368
59.2 0.20405653772700302
59.4 0.20405689156411483
59.6 0.20405724558659427
59.8 0.20405759979427496
60 0.2040579541869828
60.2 0.20405830876453535
60.4 0.2040586635267541
60.6 0.20405901847346514
60.8 0.2040593736044839
61 0.20405972891962323
61.2 0.20406008441871334
61.4 0.20406044010155905
61.6 0.20406079596798732
61.8 0.20406115201780034
62 0.20406150825081215
62.2 0.20406186466683082
62.4 0.20406222126568735
62.6 0.20406257804717223
62.8 0.20406293501108463
63 0.20406329215726832
63.2 0.20406364948549302
63.4 0.20406400699557706
63.6 0.20406436468733333
63.8 0.20406472256055408
64 0.2040650806150418
64.2 0.20406543885059744
64.4 0.2040657972670262
64.6 0.20406615586412669
64.8 0.2040665146416927
65 0.20406687359953493
65.2 0.20406723273742625
65.4 0.20406759205517713
65.6 0.20406795155258653
65.8 0.20406831122943375
66 0.20406867108551288
66.2 0.2040690311206303
66.4 0.20406939133456323
66.6 0.20406975172711173
66.8 0.20407011229804506
67 0.2040704730471773
67.2 0.2040708339742762
67.4 0.20407119507913227
67.6 0.20407155636154095
67.8 0.20407191782127007
68 0.20407227945811693
68.2 0.20407264127185978
68.4 0.20407300326227046
68.6 0.20407336542914808
68.8 0.20407372777227298
69 0.20407409029140083
69.2 0.20407445298633742
69.4 0.20407481585684983
69.6 0.2040751789027077
69.8 0.20407554212370402
70 0.20407590551958932
70.2 0.20407626909016024
70.4 0.20407663283518584
70.6 0.20407699675443922
70.8 0.20407736084769545
71 0.2040777251147209
71.2 0.20407808955528253
71.4 0.20407845416917098
71.6 0.20407881895612115
71.8 0.20407918391593388
72 0.2040795490483705
72.2 0.20407991435318001
72.4 0.20408027983015853
72.6 0.20408064547905555
72.8 0.2040810112996301
73 0.2040813772916571
73.2 0.20408174345490343
73.4 0.20408210978912697
73.6 0.20408247629409018
73.8 0.2040828429695611
74 0.20408320981529132
74.2 0.20408357683105682
74.4 0.20408394401660435
74.6 0.20408431137169034
74.8 0.20408467889608903
75 0.2040850465895542
75.2 0.20408541445183875
75.4 0.20408578248270384
75.6 0.20408615068190275
75.8 0.20408651904919523
76 0.20408688758433718
76.2 0.20408725628708202
76.4 0.2040876251571842
76.6 0.20408799419440118
76.8 0.2040883633984814
77 0.2040887327691816
77.2 0.20408910230624358
77.4 0.20408947200943803
77.6 0.20408984187850165
77.8 0.20409021191318985
78 0.2040905821132543
78.2 0.2040909524784433
78.4 0.2040913230085085
78.6 0.20409169370319072
78.8 0.20409206456224308
79 0.2040924355854149
79.2 0.2040928067724571
79.4 0.2040931781231085
79.6 0.20409354963712098
79.8 0.20409392131424056
80 0.2040942931542057
80.2 0.20409466515677271
80.4 0.20409503732166862
80.6 0.20409540964865733
80.8 0.20409578213746948
81 0.20409615478786197
81.2 0.20409652759955763
81.4 0.20409690057231408
81.6 0.20409727370586883
81.8 0.2040976469999619
82 0.2040980204543426
82.2 0.2040983940687402
82.4 0.20409876784289765
82.6 0.20409914177656596
82.8 0.20409951586946537
83 0.20409989012135493
83.2 0.20410026453195734
83.4 0.20410063910102513
83.6 0.20410101382827806
83.8 0.20410138871347897
84 0.2041017637563442
84.2 0.20410213895662416
84.4 0.20410251431404353
84.6 0.20410288982835212
84.8 0.204103265499272
85 0.2041036413265485
85.2 0.20410401730991243
85.4 0.20410439344910195
85.6 0.20410476974385552
85.8 0.20410514619389292
86 0.20410552279896665
86.2 0.20410589955879874
86.4 0.20410627647312238
86.6 0.2041066535416817
86.8 0.20410703076419062
87 0.20410740814040074
87.2 0.20410778567003804
87.4 0.20410816335282853
87.6 0.20410854118851643
87.8 0.2041089191768142
88 0.2041092973174744
88.2 0.2041096756102139
88.4 0.2041100540547688
88.6 0.2041104326508677
88.8 0.20411081139824774
89 0.2041111902966281
89.2 0.20411156934573638
89.4 0.20411194854531803
89.6 0.20411232789508868
89.8 0.20411270739478282
90 0.20411308704412962
90.2 0.20411346684286202
90.4 0.2041138467906951
90.6 0.20411422688736702
90.8 0.2041146071326021
91 0.2041149875261355
91.2 0.20411536806768293
91.4 0.20411574875698185
91.6 0.20411612959375025
91.8 0.20411651057771651
92 0.20411689170862243
92.2 0.2041172729861801
92.4 0.20411765441011775
92.6 0.20411803598015693
92.8 0.20411841769603084
93 0.2041187995574713
93.2 0.20411918156419684
93.4 0.20411956371592058
93.6 0.2041199460123895
93.8 0.2041203284533201
94 0.2041207110384368
94.2 0.20412109376745916
94.4 0.20412147664012167
94.6 0.2041218596561486
94.8 0.20412224281525485
95 0.20412262611716875
95.2 0.2041230095616303
95.4 0.2041233931483321
95.6 0.20412377687702346
95.8 0.2041241607474239
96 0.2041245447592478
96.2 0.204124928912233
96.4 0.20412531320608857
96.6 0.20412569764054145
96.8 0.20412608221532358
97 0.2041264669301502
97.2 0.2041268517847444
97.4 0.2041272367788321
97.6 0.20412762191213826
97.8 0.20412800718438248
98 0.20412839259528942
98.2 0.2041287781445731
98.4 0.20412916383196272
98.6 0.20412954965718877
98.8 0.20412993561996656
99 0.20413032172000894
99.2 0.20413070795705307
99.4 0.20413109433081617
99.6 0.2041314808410227
99.8 0.20413186748737813
100 0.20413225426962264
100.2 0.2041326411874787
100.4 0.20413302824065788
100.6 0.20413341542888455
100.8 0.20413380275189116
101 0.2041341902093843
101.2 0.2041345778010883
101.4 0.20413496552674498
101.6 0.2041353533860454
101.8 0.20413574137873053
102 0.20413612950452184
102.2 0.20413651776313152
102.4 0.2041369061542834
102.6 0.2041372946777033
102.8 0.2041376833331091
103 0.20413807212022456
103.2 0.20413846103877206
103.4 0.20413885008847055
103.6 0.2041392392690451
103.8 0.20413962858020407
104 0.20414001802169382
104.2 0.20414040759320703
104.4 0.20414079729448453
104.6 0.20414118712524615
104.8 0.2041415770852047
105 0.20414196717408548
105.2 0.20414235739160716
105.4 0.20414274773750535
105.6 0.20414313821148036
105.8 0.2041435288132684
106 0.204143919542592
106.2 0.20414431039915493
106.4 0.20414470138269597
106.6 0.20414509249293264
106.8 0.20414548372957972
107 0.20414587509236962
107.2 0.20414626658101395
107.4 0.2041466581952381
107.6 0.20414704993477456
107.8 0.20414744179933397
108 0.20414783378863052
108.2 0.2041482259023961
108.4 0.20414861814035906
108.6 0.20414901050222575
108.8 0.20414940298772624
109 0.20414979559658464
109.2 0.20415018832851412
109.4 0.20415058118325588
109.6 0.20415097416050704
109.8 0.20415136726000807
110 0.20415176048146877
110.2 0.20415215382461943
110.4 0.20415254728918944
110.6 0.20415294087488312
110.8 0.2041533345814325
111 0.2041537284085652
111.2 0.204154122355995
111.4 0.20415451642345364
111.6 0.20415491061064847
111.8 0.20415530491731837
112 0.20415569934318245
112.2 0.20415609388795794
112.4 0.20415648855137464
112.6 0.20415688333315116
112.8 0.20415727823301955
113 0.20415767325068435
113.2 0.20415806838589035
113.4 0.2041584636383426
113.6 0.2041588590077853
113.8 0.20415925449391897
114 0.2041596500964889
114.2 0.20416004581520344
114.4 0.20416044164979094
114.6 0.2041608375999807
114.8 0.20416123366549607
115 0.2041616298460577
115.2 0.20416202614138834
115.4 0.20416242255121766
115.6 0.20416281907526657
115.8 0.20416321571325996
116 0.2041636124649228
116.2 0.2041640093299908
116.4 0.2041644063081706
116.6 0.20416480339920254
116.8 0.20416520060280108
117 0.20416559791870206
117.2 0.2041659953466268
117.4 0.20416639288629626
117.6 0.20416679053743805
117.8 0.20416718829978023
118 0.20416758617304917
118.2 0.20416798415698365
118.4 0.20416838225128703
118.6 0.2041687804556943
118.8 0.20416917876994092
119 0.20416957719374432
119.2 0.20416997572683376
119.4 0.20417037436893515
119.6 0.20417077311978213
119.8 0.2041711719790975
120 0.20417157094659974
120.2 0.2041719700220331
120.4 0.204172369205116
120.6 0.204172768495584
120.8 0.20417316789314668
121 0.20417356739755296
121.2 0.20766256094250762
121.4 0.20766297819614296
121.6 0.2076633955214825
121.8 0.20766381291831418
122 0.20766423038645512
122.2 0.20766464792569841
122.4 0.20766506553585773
122.6 0.2076654832167332
122.8 0.20766590096812854
123 0.20766631878985073
123.2 0.20766673668170718
123.4 0.20766715464349536
123.6 0.2076675726750292
123.8 0.20766799077609782
124 0.20766840894652092
124.2 0.2076688271860864
124.4 0.20766924549461832
124.6 0.20766966387190483
124.8 0.20767008231775655
125 0.20767050083197566
125.2 0.20767091941437318
125.4 0.20767133806474294
125.6 0.2076717567828958
125.8 0.20767217556863227
126 0.20767259442175584
126.2 0.20767301334208352
126.4 0.20767343232939914
126.6 0.207673851383517
126.8 0.20767427050424117
127 0.2076746896913718
127.2 0.2076751089447246
127.4 0.20767552826409122
127.6 0.20767594764927935
127.8 0.20767636710009266
128 0.20767678661633546
128.2 0.20767720619781505
128.4 0.2076776258443283
128.6 0.20767804555568445
128.8 0.20767846533168663
129 0.20767888517214175
129.2 0.20767930507685722
129.4 0.20767972504562074
129.6 0.20768014507824903
129.8 0.20768056517455052
130 0.20768098533431958
130.2 0.2076814055573644
130.4 0.2076818258434872
130.6 0.20768224619249562
130.8 0.20768266660419435
131 0.20768308707838135
131.2 0.20768350761487003
131.4 0.20768392821344933
131.6 0.20768434887394738
131.8 0.20768476959615037
132 0.20768519037987737
132.2 0.20768561122491044
132.4 0.20768603213107256
132.6 0.20768645309816375
132.8 0.20768687412598869
133 0.20768729521434154
133.2 0.20768771636304892
133.4 0.20768813757190357
133.6 0.20768855884070675
133.8 0.2076889801692684
134 0.2076894015573893
134.2 0.20768982300488353
134.4 0.20769024451154663
134.6 0.20769066607718323
134.8 0.20769108770161043
135 0.20769150938461406
135.2 0.2076919311260145
135.4 0.20769235292561974
135.6 0.20769277478322357
135.8 0.20769319669863784
136 0.2076936186716632
136.2 0.20769404070210712
136.4 0.20769446278978587
136.6 0.2076948849344887
136.8 0.20769530713602893
137 0.20769572939421782
137.2 0.20769615170885233
137.4 0.2076965740797397
137.6 0.20769699650668105
137.8 0.2076974189894968
138 0.20769784152798906
138.2 0.2076982641219524
138.4 0.20769868677120695
138.6 0.2076991094755566
138.8 0.20769953223480242
139 0.2076999550487485
139.2 0.20770037791720805
139.4 0.20770080083998815
139.6 0.20770122381689132
139.8 0.20770164684772774
140 0.2077020699323093
140.2 0.20770249307043165
140.4 0.20770291626191378
140.6 0.20770333950654
140.8 0.2077037628041444
141 0.20770418615452554
141.2 0.2077046095574852
141.4 0.20770503301284293
141.6 0.20770545652039674
141.8 0.20770588007995056
142 0.2077063036913244
142.2 0.20770672735431348
142.4 0.20770715106874005
142.6 0.20770757483440508
142.8 0.2077079986511128
143 0.20770842251867744
143.2 0.2077088464369014
143.4 0.2077092704055959
143.6 0.20770969442458517
143.8 0.20771011849364307
144 0.2077105426126169
144.2 0.20771096678128642
144.4 0.2077113909994771
144.6 0.20771181526699473
144.8 0.20771223958364843
145 0.20771266394923849
145.2 0.20771308836359276
145.4 0.20771351282650477
145.6 0.20771393733778948
145.8 0.2077143618972618
146 0.20771478650472086
146.2 0.2077152111599885
146.4 0.20771563586286848
146.6 0.20771606061316772
146.8 0.20771648541070403
147 0.20771691025528946
147.2 0.20771733514673102
147.4 0.20771776008483295
147.6 0.20771818506941292
147.8 0.2077186101002827
148 0.20771903517725443
148.2 0.2077194603001375
148.4 0.2077198854687367
148.6 0.20772031068287797
148.8 0.2077207359423579
149 0.207721161246999
149.2 0.20772158659660794
149.4 0.20772201199099796
149.6 0.20772243742998187
149.8 0.20772286291337036
150 0.2077232884409784
150.2 0.2077237140126217
150.4 0.20772413962809808
150.6 0.20772456528723926
150.8 0.20772499098984729
151 0.20772541673573908
151.2 0.20772584252472898
151.4 0.20772626835661656
151.6 0.20772669423123277
151.8 0.20772712014838496
152 0.2077275461078956
152.2 0.2077279721095648
152.4 0.20772839815320848
152.6 0.20772882423864547
152.8 0.2077292503656915
153 0.20772967653415347
153.2 0.20773010274385578
153.4 0.2077305289946072
153.6 0.20773095528621907
153.8 0.2077313816185206
154 0.20773180799131338
154.2 0.2077322344044101
154.4 0.20773266085763922
154.6 0.2077330873508113
154.8 0.20773351388374078
155 0.2077339404562443
155.2 0.20773436706813528
155.4 0.207734793719229
155.6 0.20773522040934725
155.8 0.20773564713830844
156 0.20773607390591864
156.2 0.2077365007120013
156.4 0.2077369275563793
156.6 0.20773735443885866
156.8 0.2077377813592664
157 0.20773820831740586
157.2 0.207738635313112
157.4 0.20773906234619033
157.6 0.20773948941646256
157.8 0.2077399165237439
158 0.2077403436678595
158.2 0.20774077084862327
158.4 0.2077411980658546
158.6 0.20774162531936793
158.8 0.20774205260898707
159 0.20774247993453046
159.2 0.20774290729581724
159.4 0.20774333469266587
159.6 0.20774376212488785
159.8 0.20774418959231733
160 0.20774461709476819
160.2 0.20774504463205534
160.4 0.20774547220400524
160.6 0.20774589981043776
160.8 0.20774632745117033
161 0.20774675512602325
161.2 0.20774718283481694
161.4 0.207747610577376
161.6 0.20774803835352537
161.8 0.20774846616307208
162 0.20774889400584504
162.2 0.2077493218816676
162.4 0.20774974979036323
162.6 0.20775017773175353
162.8 0.2077506057056512
163 0.2077510337118828
163.2 0.2077514617502852
163.4 0.2077518898206598
163.6 0.20775231792284088
163.8 0.2077527460566453
164 0.20775317422190415
164.2 0.20775360241843205
164.4 0.20775403064605846
164.6 0.20775445890461006
164.8 0.20775488719389779
165 0.2077553155137571
165.2 0.20775574386400597
165.4 0.2077561722444713
165.6 0.20775660065498086
165.8 0.2077570290953478
166 0.20775745756540795
166.2 0.20775788606498563
166.4 0.2077583145938974
166.6 0.20775874315197895
166.8 0.20775917173904765
167 0.20775960035493718
167.2 0.20776002899947202
167.4 0.20776045767246004
167.6 0.20776088637375273
167.8 0.20776131510316243
168 0.20776174386052107
168.2 0.2077621726456539
168.4 0.20776260145837852
168.6 0.20776303029854806
168.8 0.20776345916596006
169 0.20776388806045504
169.2 0.2077643169818634
169.4 0.20776474593000666
169.6 0.20776517490471136
169.8 0.20776560390581308
170 0.20776603293313586
170.2 0.20776646198651313
170.4 0.2077668910657699
170.6 0.20776732017072497
170.8 0.20776774930122366
171 0.20776817845709047
171.2 0.20776860763814778
171.4 0.20776903684423095
171.6 0.20776946607516852
171.8 0.20776989533079182
172 0.20777032461093015
172.2 0.20777075391541142
172.4 0.20777118324406854
172.6 0.2077716125967287
172.8 0.20777204197323287
173 0.2077724713733963
173.2 0.20777290079705904
173.4 0.2077733302440622
173.6 0.20777375971421755
173.8 0.20777418920737697
174 0.20777461872335415
174.2 0.20777504826199078
174.4 0.2077754778231136
174.6 0.20777590740656784
174.8 0.20777633701217185
175 0.20777676663976374
175.2 0.20777719628917535
175.4 0.20777762596024352
175.6 0.2077780556528004
175.8 0.20777848536667645
176 0.2077789151017129
176.2 0.20777934485772828
176.4 0.20777977463458122
176.6 0.20778020443208203
176.8 0.20778063425008164
177 0.20778106408840372
177.2 0.20778149394688453
177.4 0.20778192382537194
177.6 0.20778235372367926
177.8 0.20778278364166136
178 0.2077832135791482
178.2 0.2077836435359729
178.4 0.20778407351197478
178.6 0.2077845035069845
178.8 0.20778493352084917
179 0.2077853635533969
179.2 0.21274445538453896
179.4 0.21274491092724793
179.6 0.2127453664440624
179.8 0.2127458219349075
180 0.21274627739971083
180.2 0.21274673283839687
180.4 0.21274718825089461
180.6 0.21274764363712323
180.8 0.21274809899701025
181 0.21274855433048245
181.2 0.21274900963746798
181.4 0.21274946491788288
181.6 0.21274992017166425
181.8 0.21275037539872266
182 0.2127508305989938
182.2 0.2127512857723975
182.4 0.2127517409188606
182.6 0.21275219603831402
182.8 0.212752651130675
183 0.21275310619587293
183.2 0.21275356123382871
183.4 0.21275401624447118
183.6 0.21275447122772384
183.8 0.21275492618351374
184 0.21275538111176087
184.2 0.21275583601239148
184.4 0.2127562908853394
184.6 0.21275674573052167
184.8 0.21275720054786113
185 0.21275765533728616
185.2 0.21275811009872292
185.4 0.2127585648320913
185.6 0.21275901953732426
185.8 0.21275947421434008
186 0.2127599288630751
186.2 0.21276038348343773
186.4 0.21276083807535642
186.6 0.21276129263876825
186.8 0.21276174717358856
187 0.21276220167974147
187.2 0.21276265615715897
187.4 0.21276311060575676
187.6 0.2127635650254638
187.8 0.212764019416212
188 0.21276447377791727
188.2 0.2127649281105018
188.4 0.21276538241391316
188.6 0.2127658366880485
188.8 0.21276629093284177
189 0.2127667451482227
189.2 0.21276719933411414
189.4 0.2127676534904441
189.6 0.21276810761713105
189.8 0.21276856171410422
190 0.21276901578129478
190.2 0.21276946981861117
190.4 0.21276992382599383
190.6 0.21277037780336625
190.8 0.21277083175064126
191 0.21277128566775516
191.2 0.21277173955463602
191.4 0.2127721934111989
191.6 0.21277264723738062
191.8 0.21277310103309247
192 0.21277355479826468
192.2 0.2127740085328333
192.4 0.21277446223670785
192.6 0.2127749159098276
192.8 0.21277536955210802
193 0.21277582316347063
193.2 0.21277627674385377
193.4 0.21277673029318653
193.6 0.2127771838113698
193.8 0.21277763729834706
194 0.21277809075404513
194.2 0.21277854417838094
194.4 0.21277899757128665
194.6 0.21277945093268513
194.8 0.2127799042624952
195 0.2127803575606592
195.2 0.21278081082708483
195.4 0.21278126406170791
195.6 0.21278171726445172
195.8 0.21278217043523862
196 0.2127826235740071
196.2 0.21278307668066548
196.4 0.21278352975514458
196.6 0.21278398279737942
196.8 0.21278443580728718
197 0.21278488878479843
197.2 0.21278534172982977
197.4 0.2127857946423203
197.6 0.21278624752218087
197.8 0.21278670036935632
198 0.212787153183758
198.2 0.21278760596532026
198.4 0.21278805871395506
198.6 0.2127885114296071
198.8 0.21278896411219844
199 0.2127894167616428
199.2 0.21278986937787425
199.4 0.212790321960825
199.6 0.21279077451040793
199.8 0.2127912270265619
