35.306789	33.355406	216.920441	85.000000	180.000000	55.000000	270.000000	35.000000	3.5000
35.053857	34.015125	17.355997	106.000000	-1.000000	57.000000	-1.000000	26.000000	3.5000
35.147359	33.334451	179.188553	124.000000	250.000000	61.000000	280.000000	19.000000	3.5000
35.112326	33.211238	258.135437	165.000000	247.660000	65.000000	282.290000	45.000000	3.5000
35.183991	33.388723	124.752831	112.000000	255.560000	45.000000	276.880000	25.000000	7.5000
34.908700	33.580257	35.096695	150.000000	300.000000	63.000000	280.000000	60.000000	3.5000
34.985032	34.004221	8.022511	163.000000	-1.000000	26.000000	-1.000000	17.000000	1.5000
35.127337	33.389736	162.010864	140.000000	227.470000	70.000000	240.000000	51.000000	3.5000
34.849907	32.376542	21.108812	99.000000	190.000000	40.000000	230.000000	36.000000	1.5000
35.128925	33.400462	154.624466	22.000000	223.000000	45.000000	245.000000	45.000000	3.5000
34.994474	33.757276	39.850163	109.000000	90.000000	30.000000	90.000000	35.000000	3.5000
34.811513	32.450498	254.710037	144.000000	240.000000	71.000000	250.000000	62.000000	3.5000
34.963924	33.624447	20.744576	130.000000	233.470000	50.000000	251.910000	45.000000	1.0000
34.705013	33.120660	0.000000	104.000000	270.000000	25.000000	260.000000	20.000000	1.5000
34.984070	33.849112	51.415901	93.000000	265.730000	37.000000	268.260000	24.000000	3.5000
35.027963	33.411467	222.839142	132.000000	-1.000000	46.000000	-1.000000	35.000000	1.5000
34.602720	33.002554	2.310549	75.000000	69.370000	60.000000	306.690000	45.000000	7.5000
34.816650	33.587459	0.000000	100.000000	-1.000000	32.000000	-1.000000	51.000000	7.5000
34.710049	33.166649	0.000000	130.000000	248.310000	23.000000	300.990000	11.000000	7.5000
34.672366	33.045285	2.168663	345.000000	338.550000	32.000000	316.560000	38.000000	3.5000
34.929990	33.613452	16.665398	172.000000	260.000000	45.000000	260.000000	19.000000	3.5000
35.156320	33.350014	171.473862	270.000000	190.000000	35.000000	280.000000	19.000000	3.5000
35.043153	32.418114	13.005106	101.000000	169.910000	78.000000	229.210000	67.000000	3.5000
34.711560	32.488595	6.029393	93.000000	287.220000	21.000000	277.920000	17.000000	1.5000
34.882415	32.371960	130.602905	91.000000	109.230000	73.000000	255.120000	44.000000	1.5000
34.995835	33.973076	26.158016	103.000000	272.420000	27.000000	286.990000	19.000000	3.5000
35.082411	33.299244	272.823761	175.000000	310.000000	45.000000	310.000000	30.000000	3.5000
34.965582	33.557090	93.303947	215.000000	300.000000	35.000000	285.000000	25.000000	2.000
34.660990	32.997179	13.355429	140.000000	-1.000000	20.000000	360.000000	20.000000	3.5000
35.163536	33.362138	149.521103	151.000000	-1.000000	51.000000	288.860000	44.000000	3.5000
