-200 0.0750067017036809
-199.8 0.07497211882341738
-199.6 0.07493753468936559
-199.4 0.07490294931592088
-199.2 0.07486836271741298
-199 0.07483377490846582
-198.8 0.07479918590336501
-198.6 0.07476459571657021
-198.4 0.07473000436280107
-198.2 0.07469541185644067
-198 0.07466081821215631
-197.8 0.07462622344470748
-197.6 0.0745916275685466
-197.4 0.07455703059843706
-197.2 0.07452243254905169
-197 0.07448783343524723
-196.8 0.07445323327185592
-196.6 0.07441863207331895
-196.4 0.0743840298550073
-196.2 0.07434942663151557
-196 0.07431482241772294
-195.8 0.07428021722861773
-195.6 0.07424561107935782
-195.4 0.07421100398464252
-195.2 0.07417639595978334
-195 0.07414178701966462
-194.8 0.07410717717958992
-194.6 0.07407256645449484
-194.4 0.07403795485968706
-194.2 0.07400334241028236
-194 0.07396872912168106
-193.8 0.07393411500900797
-193.6 0.07389950008759093
-193.4 0.07386488437280928
-193.2 0.07383026787996745
-193 0.07379565062450634
-192.8 0.07376103262192699
-192.6 0.07372641388763154
-192.4 0.07369179443723799
-192.2 0.07365717428600177
-192 0.07362255344983441
-191.8 0.07358793194412193
-191.6 0.0735533097846155
-191.4 0.07351868698696198
-191.2 0.07348406356686238
-191 0.07344943953988761
-190.8 0.07341481492213885
-190.6 0.07338018972930342
-190.4 0.07334556397706629
-190.2 0.07331093768145489
-190 0.07327631085846271
-189.8 0.07324168352378851
-189.6 0.07320705569357233
-189.4 0.07317242738384692
-189.2 0.07313779861056605
-189 0.07310316938991884
-188.8 0.07306853973796427
-188.6 0.07303390967081316
-188.4 0.07299927920478601
-188.2 0.07296464835592857
-188 0.07293001714076315
-187.8 0.07289538557525051
-187.6 0.0728607536759997
-187.4 0.07282612145922109
-187.2 0.0727914889413033
-187 0.07275685613872472
-186.8 0.07272222306810389
-186.6 0.07268758974572188
-186.4 0.0726529561881345
-186.2 0.07261832241208768
-186 0.07258368843396326
-185.8 0.07254905427065134
-185.6 0.0725144199385849
-185.4 0.07247978545470896
-185.2 0.07244515083572758
-185 0.07241051609823959
-184.8 0.07237588125929292
-184.6 0.07234124633569314
-184.4 0.0723066113443057
-184.2 0.07227197630205076
-184 0.07223734122600528
-183.8 0.07220270613309702
-183.6 0.07216807104027544
-183.4 0.07213343596473795
-183.2 0.07209880092362991
-183 0.07206416593407852
-182.8 0.07202953101323445
-182.6 0.07199489617828908
-182.4 0.07196026144666462
-182.2 0.07192562683551307
-182 0.07189099236215399
-181.8 0.07185635804414899
-181.6 0.0718217238986812
-181.4 0.07178708994351775
-181.2 0.0717524561958398
-181 0.07171782267322468
-180.8 0.071683189393249
-180.6 0.07164855637365833
-180.4 0.07161392363185075
-180.2 0.07157929118579444
-180 0.0715446590529771
-179.8 0.07151002725122123
-179.6 0.07147539579833975
-179.4 0.07144076471205307
-179.2 0.07140613401035423
-179 0.07137150371118234
-178.8 0.07133687383217656
-178.6 0.07130224439175188
-178.4 0.0712676154075989
-178.2 0.07123298689786725
-178 0.071198358880748
-177.8 0.07116373137418473
-177.6 0.071129104396657
-177.4 0.0710944779660758
-177.2 0.07105985210075134
-177 0.07102522681902122
-176.8 0.07099060213936693
-176.6 0.07095597807989557
-176.4 0.07092135465910451
-176.2 0.07088673189541599
-176 0.07085210980752628
-175.8 0.0708174884136499
-175.6 0.07078286773257222
-175.4 0.07074824778276262
-175.2 0.07071362858296787
-175 0.07067901015173084
-174.8 0.07064439250806263
-174.6 0.07060977567032356
-174.4 0.07057515965774316
-174.2 0.0705405444887469
-174 0.0705059301825559
-173.8 0.07047131675795983
-173.6 0.07043670423375185
-173.4 0.07040209262922162
-173.2 0.07036748196344098
-173 0.07033287225516281
-172.8 0.07029826352373213
-172.6 0.0702636557882951
-172.4 0.07022904906809631
-172.2 0.07019444338230979
-172 0.07015983875034149
-171.8 0.07012523519127453
-171.6 0.07009063272476673
-171.4 0.07005603137002289
-171.2 0.07002143114662371
-171 0.06998683207398558
-170.8 0.06995223417170124
-170.6 0.06991763745936572
-170.4 0.06988304195656313
-170.2 0.0698484476828762
-170 0.06981385465811563
-169.8 0.06977926290210025
-169.6 0.0697446724343125
-169.4 0.06971008327494005
-169.2 0.06967549544362431
-169 0.0696409089604035
-168.8 0.06960632384517046
-168.6 0.06957174011790497
-168.4 0.06953715779867203
-168.2 0.06950257690753693
-168 0.06946799746483727
-167.8 0.06943341949049621
-167.6 0.06939884300473993
-167.4 0.06936426802771392
-167.2 0.06932969457999656
-167 0.06929512268190756
-166.8 0.06926055235357054
-166.6 0.06922598361566633
-166.4 0.06919141648853533
-166.2 0.0691568509927011
-166 0.06912228714882047
-165.8 0.06908772497730994
-165.6 0.06905316449891422
-165.4 0.06901860573441289
-165.2 0.06898404870440791
-165 0.06894949342979478
-164.8 0.06891493993128892
-164.6 0.06888038822978902
-164.4 0.06884583834614913
-164.2 0.06881129030141299
-164 0.06877674411661697
-163.8 0.06874219981262336
-163.6 0.06870765741066107
-163.4 0.0686731169317658
-163.2 0.0686385783972697
-163 0.06860404182830862
-162.8 0.0685695072459478
-162.6 0.06853497467198393
-162.4 0.0685004441273769
-162.2 0.06846591563351473
-162 0.06843138921201303
-161.8 0.0683968648843185
-161.6 0.06836234267196536
-161.4 0.06832782259654885
-161.2 0.06829330467967297
-161 0.0682587889429944
-160.8 0.06822427540828027
-160.6 0.06818976409731183
-160.4 0.06815525503180739
-160.2 0.06812074823368992
-160 0.06808624372493638
-159.8 0.0680517415273687
-159.6 0.0680172416629727
-159.4 0.06798274415403081
-159.2 0.06794824902231086
-159 0.06791375629022017
-158.8 0.06787926597979754
-158.6 0.06784477811327062
-158.4 0.06781029271295194
-158.2 0.06777580980125869
-158 0.06774132940044228
-157.8 0.06770685153289385
-157.6 0.0676723762212933
-157.4 0.06763790348784371
-157.2 0.06760343335535995
-157 0.067568965846354
-156.8 0.0675345009835458
-156.6 0.06750003878956078
-156.4 0.06746557928728823
-156.2 0.06743112249933564
-156 0.06739666844867694
-155.8 0.06736221715828433
-155.6 0.0673277686508883
-155.4 0.0672933229496903
-155.2 0.067258880077589
-155 0.06722444005776301
-154.8 0.06719000291344462
-154.6 0.06715556866759208
-154.4 0.06712113734367064
-154.2 0.06708670896482834
-154 0.06705228355451914
-153.8 0.06701786113603962
-153.6 0.06698344173279495
-153.4 0.06694902536837571
-153.2 0.06691461206635324
-153 0.06688020185013671
-152.8 0.06684579474358893
-152.6 0.06681139077021819
-152.4 0.06677698995383069
-152.2 0.06674259231828879
-152 0.06670819788722314
-151.8 0.0666738066847125
-151.6 0.0666394187345856
-151.4 0.06660503406097285
-151.2 0.06657065268786216
-151 0.06653627463922318
-150.8 0.06650189993930791
-150.6 0.06646752861231085
-150.4 0.0664331606824379
-150.2 0.06639879617404894
-150 0.06636443511129443
-149.8 0.06633007751896162
-149.6 0.06629572342112271
-149.4 0.06626137284261557
-149.2 0.06622702580763397
-149 0.06619268234086799
-148.8 0.06615834246721142
-148.6 0.06612400621127557
-148.4 0.0660896735976883
-148.2 0.06605534465138224
-148 0.06602101939723826
-147.8 0.06598669786010827
-147.6 0.06595238006494634
-147.4 0.0659180660369044
-147.2 0.06588375580106347
-147 0.06584944938241297
-146.8 0.06581514680619772
-146.6 0.06578084809763533
-146.4 0.06574655328211892
-146.2 0.06571226238489082
-146 0.06567797543142223
-145.8 0.06564369244717513
-145.6 0.06560941345760465
-145.4 0.06557513848826119
-145.2 0.065540867564821
-145 0.06550660071290958
-144.8 0.06547233795824967
-144.6 0.06543807932658505
-144.4 0.06540382484396072
-144.2 0.06536957453604872
-144 0.065335328428794
-143.8 0.06530108654845852
-143.6 0.06526684892060489
-143.4 0.06523261557185625
-143.2 0.0651983865280622
-143 0.06516416181551407
-142.8 0.06512994146063743
-142.6 0.06509572548959404
-142.4 0.06506151392871798
-142.2 0.06502730680465614
-142 0.06499310414378934
-141.8 0.0649589059726914
-141.6 0.06492471231792434
-141.4 0.06489052320623301
-141.2 0.06485633866431367
-141 0.06482215871901637
-140.8 0.06478798339710434
-140.6 0.06475381272545008
-140.4 0.064719646731084
-140.2 0.06468548544097422
-140 0.06465132888216325
-139.8 0.06461717708187667
-139.6 0.06458303006724492
-139.4 0.06454888786543964
-139.2 0.06451475050388543
-139 0.06448061800976576
-138.8 0.06444649041076453
-138.6 0.06441236773414001
-138.4 0.06437825000739392
-138.2 0.06434413725833514
-138 0.064310029514549
-137.8 0.0642759268035243
-137.6 0.06424182915333515
-137.4 0.06420773659149331
-137.2 0.06417364914618709
-137 0.06413956684515684
-136.8 0.06410548971659392
-136.6 0.06407141778839093
-136.4 0.06403735108881753
-136.2 0.0640032896458939
-136 0.0639692334879503
-135.8 0.06393518264337704
-135.6 0.06390113714047513
-135.4 0.06386709700751095
-135.2 0.06383306227319088
-135 0.06379903296611192
-134.8 0.06376500911461341
-134.6 0.06373099074764155
-134.4 0.06369697789375808
-134.2 0.06366297058183665
-134 0.063628968840642
-133.8 0.06359497269923393
-133.6 0.06356098218635454
-133.4 0.0635269973313048
-133.2 0.06349301816324292
-133 0.06345904471101177
-132.8 0.06342507700399701
-132.6 0.0633911150715684
-132.4 0.0633571589429288
-132.2 0.06332320864765034
-132 0.06328926421512963
-131.8 0.063255325674884
-131.6 0.063221393056544
-131.4 0.06318746638987949
-131.2 0.06315354570455589
-131 0.06311963103024411
-130.8 0.06308572239692788
-130.6 0.06305181983462088
-130.4 0.06301792337311231
-130.2 0.06298403304257778
-130 0.06295014887322177
-129.8 0.0629162708949983
-129.6 0.06288239913840662
-129.4 0.06284853363346722
-129.2 0.06281467441090838
-129 0.0627808215009153
-128.8 0.0627469749341151
-128.6 0.0627131347411415
-128.4 0.0626793009523242
-128.2 0.06264547359874167
-128 0.06261165271103493
-127.8 0.06257783832010938
-127.6 0.06254403045666651
-127.4 0.06251022915188512
-127.2 0.062476434436801585
-127 0.062442646342397316
-126.8 0.062408864899953294
-126.6 0.06237509014066218
-126.4 0.0623413220958618
-126.2 0.062307560796929055
-126 0.062273806275386624
-125.8 0.06224005856257902
-125.6 0.0622063176902394
-125.4 0.062172583689982436
-125.2 0.062138856593617314
-125 0.06210513643258775
-124.8 0.062071423239240614
-124.6 0.06203771704524752
-124.4 0.06200401788251692
-124.2 0.06197032578331464
-124 0.06193664077966679
-123.8 0.06190296290392979
-123.6 0.06186929218829394
-123.4 0.061835628664953596
-123.2 0.061801972366587715
-123 0.06176832332545284
-122.8 0.06173468157431521
-122.6 0.06170104714579202
-122.4 0.06166742007239472
-122.2 0.06163380038703571
-122 0.06160018812260501
-121.8 0.06156658331190301
-121.6 0.061532985988125385
-121.4 0.06149939618409512
-121.2 0.061465813933239605
-121 0.06143223926844421
-120.8 0.061398672223200515
-120.6 0.06136511283084359
-120.4 0.06133156112476471
-120.2 0.06129801713845852
-120 0.06126448090558033
-119.8 0.061230952459666504
-119.6 0.06119743183449408
-119.4 0.06116391906397031
-119.2 0.06113041418180812
-119 0.06109691722207707
-118.8 0.061063428218817856
-118.6 0.06102994720599851
-118.4 0.060996474217942666
-118.2 0.060963009288777466
-118 0.06092955245296942
-117.8 0.06089610374481443
-117.6 0.060862663198885586
-117.4 0.06082923084961013
-117.2 0.06079580673168857
-117 0.060762390879971276
-116.8 0.06072898332902136
-116.6 0.06069558411384189
-116.4 0.06066219326946584
-116.2 0.06062881083068851
-116 0.0605954368329121
-115.8 0.060562071310952516
-115.6 0.06052871430037331
-115.4 0.060495365836337155
-115.2 0.06046202595438959
-115 0.06042869468995022
-114.8 0.06039537207868484
-114.6 0.06036205815610132
-114.4 0.060328752958134474
-114.2 0.060295456520432285
-114 0.06026216887897304
-113.8 0.060228890069724046
-113.6 0.060195620128760924
-113.4 0.0601623590922526
-113.2 0.06012910699645069
-113 0.060095863877508954
-112.8 0.06006262977203174
-112.6 0.06002940471631056
-112.4 0.05999618874702563
-112.2 0.059962981900738024
-112 0.05992978421436279
-111.8 0.05989659572440523
-111.6 0.059863416467958154
-111.4 0.05983024648195096
-111.2 0.05979708580342987
-111 0.05976393446965335
-110.8 0.05973079251768497
-110.6 0.05969765998503175
-110.4 0.05966453690881188
-110.2 0.05963142332676022
-110 0.059598319276465896
-109.8 0.05956522479552773
-109.6 0.05953213992159492
-109.4 0.05949906469268048
-109.2 0.05946599914653177
-109 0.05943294332137017
-108.8 0.059399897255028526
-108.6 0.05936686098589425
-108.4 0.0593338345522963
-108.2 0.0593008179925067
-108 0.05926781134495339
-107.8 0.05923481464823724
-107.6 0.05920182794093925
-107.4 0.05916885126184346
-107.2 0.05913588464976005
-107 0.05910292814363057
-106.8 0.05906998178240265
-106.6 0.05903704560508213
-106.4 0.059004119651097184
-106.2 0.05897120395959085
-106 0.05893829856994691
-105.8 0.05890540352160309
-105.6 0.05887251885423374
-105.4 0.05883964460726934
-105.2 0.058806780820601236
-105 0.058773927534067884
-104.8 0.058741084787628024
-104.6 0.05870825262139778
-104.4 0.058675431075208034
-104.2 0.05864262018957916
-104 0.058609820004674
-103.8 0.05857703056108024
-103.6 0.058544251899130165
-103.4 0.05851148405946606
-103.2 0.05847872708285754
-103 0.058445981010152366
-102.8 0.05841324588215857
-102.6 0.05838052173988268
-102.4 0.05834780862463784
-102.2 0.0583151065774352
-102 0.058282415639515334
-101.8 0.05824973585244708
-101.6 0.05821706725780467
-101.4 0.058184409897112155
-101.2 0.05815176381202274
-101 0.0581191290444453
-100.8 0.058086505636306476
-100.6 0.05805389362943409
-100.4 0.058021293066314684
-100.2 0.05798870398892126
-100 0.057956126439650126
-99.8 0.05792356046098574
-99.6 0.057891006095446756
-99.4 0.05785846338573034
-99.2 0.05782593237454234
-99 0.05779341310487983
-98.8 0.05776090561963446
-98.6 0.05772840996191279
-98.4 0.057695926174745366
-98.2 0.057663454301691286
-98 0.05763099438609284
-97.8 0.057598546471537934
-97.6 0.05756611060154999
-97.4 0.05753368681997542
-97.2 0.05750127517051962
-97 0.05746887569734614
-96.8 0.0574364884445036
-96.6 0.057404113456073706
-96.4 0.057371750776444665
-96.2 0.057339400450068294
-96 0.057307062521578654
-95.8 0.057274737035533686
-95.6 0.05724242403674783
-95.4 0.05721012357005192
-95.2 0.05717783568064014
-95 0.05714556041338107
-94.8 0.057113297813775644
-94.6 0.05708104792709688
-94.4 0.05704881079868388
-94.2 0.05701658647443137
-94 0.05698437499997919
-93.8 0.05695217642095023
-93.6 0.05691999078374561
-93.4 0.056887818134116995
-93.2 0.05685565851846038
-93 0.05682351198315527
-92.8 0.05679137857447642
-92.6 0.056759258339153865
-92.4 0.05672715132407545
-92.2 0.05669505757589572
-92 0.0566629771416562
-91.8 0.05663091006850036
-91.6 0.05659885640369565
-91.4 0.05656681619434581
-91.2 0.056534789488264084
-91 0.05650277633312817
-90.8 0.05647077677645459
-90.6 0.05643879086633005
-90.4 0.05640681865075135
-90.2 0.0563748601778101
-90 0.05634291549608347
-89.8 0.0563109846536025
-89.6 0.05627906769919736
-89.4 0.05624716468155899
-89.2 0.05621527564949395
-89 0.056183400652172116
-88.8 0.056151539738492816
-88.6 0.05611969295802563
-88.4 0.05608786035992254
-88.2 0.05605604199376416
-88 0.056024237909354846
-87.8 0.05599244815668204
-87.6 0.055960672785431265
-87.4 0.0559289118461056
-87.2 0.055897165388568246
-87 0.055865433463784066
-86.8 0.055833716122028774
-86.6 0.05580201341402183
-86.4 0.05577032539086305
-86.2 0.055738652103329706
-86 0.05570699360291484
-85.8 0.05567534994066235
-85.6 0.055643721168386895
-85.4 0.05561210733771817
-85.2 0.055580508500329216
-85 0.05554892470831856
-84.8 0.05551735601383087
-84.6 0.05548580246906025
-84.4 0.05545426412658602
-84.2 0.05542274103893882
-84 0.05539123325906283
-83.8 0.055359740839802093
-83.6 0.05532826383446257
-83.4 0.0552968022961496
-83.2 0.055265356278442306
-83 0.0552339258349603
-82.8 0.05520251101943488
-82.6 0.055171111885902666
-82.4 0.05513972848862067
-82.2 0.05510836088179068
-82 0.05507700912002975
-81.8 0.05504567325795635
-81.6 0.055014353350321905
-81.4 0.0549830494523686
-81.2 0.05495176161933543
-81 0.054920489906470006
-80.8 0.054889234369433305
-80.6 0.05485799506403591
-80.4 0.05482677204630052
-80.2 0.05479556537237015
-80 0.054764375098557624
-79.8 0.05473320128137479
-79.6 0.05470204397769203
-79.4 0.05467090324419281
-79.2 0.05463977913836842
-79 0.0546086717171399
-78.8 0.054577581038423584
-78.6 0.054546507159744934
-78.4 0.05451545013895051
-78.2 0.05448441003443846
-78 0.054453386904350067
-77.8 0.054422380807338785
-77.6 0.05439139180215067
-77.4 0.054360419947752765
-77.2 0.054329465303374624
-77 0.05429852792832778
-76.8 0.05426760788225707
-76.6 0.05423670522499626
-76.4 0.05420582001679259
-76.2 0.054174952317690234
-76 0.05414410218824123
-75.8 0.054113269689417244
-75.6 0.05408245488197025
-75.4 0.05405165782703128
-75.2 0.054020878586307726
-75 0.053990117221223925
-74.8 0.05395937379377299
-74.6 0.053928648366076776
-74.4 0.0538979410004819
-74.2 0.0538672517597166
-74 0.05383658070657668
-73.8 0.053805927904344346
-73.6 0.05377529341626309
-73.4 0.05374467730586924
-73.2 0.053714079637097616
-73 0.053683500474162316
-72.8 0.053652939881579126
-72.6 0.05362239792367738
-72.4 0.05359187466563265
-72.2 0.05356137017257264
-72 0.053530884510023614
-71.8 0.053500417743696724
-71.6 0.053469969939485926
-71.4 0.053439541163773224
-71.2 0.05340913148321915
-71 0.053378740964588126
-70.8 0.053348369674953454
-70.6 0.05331801768192369
-70.4 0.05328768505309553
-70.2 0.05325737185643389
-70 0.05322707816044892
-69.8 0.05319680403363791
-69.6 0.05316654954494246
-69.4 0.053136314763674815
-69.2 0.05310609975917538
-69 0.05307590460152419
-68.8 0.05304572936067924
-68.6 0.05301557410737698
-68.4 0.0529854389121876
-68.2 0.05295532384651655
-68 0.05292522898159656
-67.8 0.05289515438933662
-67.6 0.05286510014196228
-67.4 0.05283506631178614
-67.2 0.052805052971703785
-67 0.05277506019511054
-66.8 0.05274508805515974
-66.6 0.05271513662609523
-66.4 0.05268520598196624
-66.2 0.052655296197503025
-66 0.05262540734753586
-65.8 0.05259553950746793
-65.6 0.05256569275310506
-65.4 0.05253586716054246
-65.2 0.05250606280623365
-65 0.05247627976723243
-64.8 0.05244651812048349
-64.6 0.052416777943815315
-64.4 0.052387059315429314
-64.2 0.05235736231376089
-64 0.052327687017590274
-63.8 0.052298033506385753
-63.6 0.05226840185988428
-63.4 0.05223879215802904
-63.2 0.05220920448158411
-63 0.05217963891157806
-62.8 0.052150095529471224
-62.6 0.05212057441717106
-62.4 0.052091075657042775
-62.2 0.05206159933187843
-62 0.05203214552501117
-61.8 0.05200271432015598
-61.6 0.05197330580161656
-61.4 0.051943920054120546
-61.2 0.051914557162735964
-61 0.05188521721324125
-60.8 0.05185590029174573
-60.6 0.051826606484975966
-60.4 0.05179733588020196
-60.2 0.051768088565025024
-60 0.05173886462773241
-59.8 0.05170966415691723
-59.6 0.05168048724223437
-59.4 0.0516513339731933
-59.2 0.051622204440329875
-59 0.05159309873447098
-58.8 0.05156401694726053
-58.6 0.05153495917070969
-58.4 0.051505925497471496
-58.2 0.051476916020543856
-58 0.05144793083424252
-57.8 0.05141897003251122
-57.6 0.05139003371062181
-57.4 0.05136112196417346
-57.2 0.051332234889357155
-57 0.05130337258325493
-56.8 0.05127453514303888
-56.6 0.051245722667221126
-56.4 0.05121693525444574
-56.2 0.0511881730042828
-56 0.05115943601684044
-55.8 0.05113072439295832
-55.6 0.0511020382341131
-55.4 0.051073377642721525
-55.2 0.051044742721613086
-55 0.05101613357447446
-54.8 0.05098755030546016
-54.6 0.050958993020010515
-54.4 0.0509304618238075
-54.2 0.05090195682349793
-54 0.050873478126484024
-53.8 0.05084502584088065
-53.6 0.05081660007570481
-53.4 0.05078820094052766
-53.2 0.0507598285461545
-53 0.050731483003759716
-52.8 0.050703164425621526
-52.6 0.05067487292470527
-52.4 0.05064660861509613
-52.2 0.05061837161128049
-52 0.05059016202902647
-51.8 0.0505619799848717
-51.6 0.050533825596213666
-51.4 0.050505698981380305
-51.2 0.05047760025974121
-51 0.0504495295512025
-50.8 0.05042148697728355
-50.6 0.050393472659703585
-50.4 0.05036548672189308
-50.2 0.05033752928764062
-50 0.050309600482392657
-49.8 0.05028170043190412
-49.6 0.05025382926350078
-49.4 0.05022598710518414
-49.2 0.05019817408648471
-49 0.050170390337453054
-48.8 0.050142635989734605
-48.6 0.0501149111756265
-48.4 0.050087216028894085
-48.2 0.050059550684354505
-48 0.05003191527804616
-47.8 0.05000430994673532
-47.6 0.049976734829045355
-47.4 0.04994919006442671
-47.2 0.04992167579355954
-47 0.04989419215824205
-46.8 0.04986673930212039
-46.6 0.04983931736928638
-46.4 0.04981192650574025
-46.2 0.04978456685855092
-46 0.049757238576131985
-45.8 0.04972994180827549
-45.6 0.049702676706228875
-45.4 0.049675443422387694
-45.2 0.049648242110836675
-45 0.049621072926877174
-44.8 0.049593936027311394
-44.6 0.049566831570572366
-44.4 0.049539759716281606
-44.2 0.04951272062587489
-44 0.04948571446215487
-43.8 0.04945874138941447
-43.6 0.049431801573870386
-43.4 0.04940489518288535
-43.2 0.049378022385673986
-43 0.04935118335312943
-42.8 0.04932437825785493
-42.6 0.04929760727394018
-42.4 0.04927087057728862
-42.2 0.04924416834571548
-42 0.04921750075860018
-41.8 0.0491908679970952
-41.6 0.04916427024439001
-41.4 0.04913770768540829
-41.2 0.04911118050681419
-41 0.04908468889728693
-40.8 0.049058233047506644
-40.6 0.04903181315009639
-40.4 0.049005429399490055
-40.2 0.048979081992293484
-40 0.04895277112701432
-39.8 0.048926497004402485
-39.6 0.04890025982725058
-39.4 0.04887405980040075
-39.2 0.0488478971308517
-39 0.04882177202785225
-38.8 0.04879568470285075
-38.6 0.04876963536960857
-38.4 0.0487436242440974
-38.2 0.04871765154453967
-38 0.048691717491581694
-37.8 0.04866582230833338
-37.6 0.04863996622006144
-37.4 0.04861414945478773
-37.2 0.048588372242731916
-37 0.04856263481686326
-36.8 0.048536937412598374
-36.6 0.04851128026776305
-36.4 0.04848566362305593
-36.2 0.04846008772174647
-36 0.04843455280985863
-35.8 0.048409059135747216
-35.6 0.04838360695120277
-35.4 0.04835819651010151
-35.2 0.04833282806960525
-35 0.048307501889665865
-34.8 0.048282218233187846
-34.6 0.04825697736581179
-34.4 0.048231779556222626
-34.2 0.04820662507610834
-34 0.0481815142004831
-33.8 0.04815644720723394
-33.6 0.04813142437717596
-33.4 0.04810644599477095
-33.2 0.04808151234717611
-33 0.048056623725378264
-32.8 0.048031780422999514
-32.6 0.04800698273725731
-32.4 0.04798223096923489
-32.2 0.04795752542253428
-32 0.04793286640470606
-31.8 0.047908254226811574
-31.6 0.04788368920320504
-31.4 0.047859171651934186
-31.2 0.04783470189446816
-31 0.04781028025620124
-30.8 0.047785907065924636
-30.6 0.047761582656122265
-30.4 0.04773730736328432
-30.2 0.047713081527233185
-30 0.047688905491984096
-29.8 0.047664779605276514
-29.6 0.04764070421846238
-29.4 0.04761667968732426
-29.2 0.04759270637083349
-29 0.04756878463256742
-28.8 0.0475449148398506
-28.6 0.047521097363914556
-28.4 0.047497332580022394
-28.2 0.047473620867602914
-28 0.0474499626101372
-27.8 0.047426358195296475
-27.6 0.047402808014512715
-27.4 0.04737931246378443
-27.2 0.04735587194282362
-27 0.047332486855746495
-26.8 0.0473091576108888
-26.6 0.047285884620367494
-26.4 0.04726266830077178
-26.2 0.04723950907273737
-26 0.04721640736103894
-25.8 0.04719336359453803
-25.6 0.04717037820616751
-25.4 0.04714745163287265
-25.2 0.04712458431593324
-25 0.04710177670042514
-24.8 0.04707902923555579
-24.6 0.047056342373988334
-24.4 0.04703371657278632
-24.2 0.0470111522926551
-24 0.04698864999811147
-23.8 0.046966210157112435
-23.6 0.04694383324112891
-23.4 0.046921519725547436
-23.2 0.046899270088766314
-23 0.04687708481252802
-22.8 0.0468549643815791
-22.6 0.04683290928360345
-22.4 0.04681092000939806
-22.2 0.046788997052004434
-22 0.046767140907096834
-21.8 0.04674535207235829
-21.6 0.046723631047843446
-21.4 0.04670197833491446
-21.2 0.046680394436588335
-21 0.04665887985706464
-20.8 0.04663743510134193
-20.6 0.04661606067494851
-20.4 0.04659475708338999
-20.2 0.04657352483215209
-20 0.04655236442571195
-19.8 0.04653127636752178
-19.6 0.0465102611592729
-19.4 0.0464893193003125
-19.2 0.046468451287237
-19 0.046447657612706035
-18.8 0.04642693876580593
-18.6 0.04640629523006053
-18.4 0.04638572748349192
-18.2 0.04636523599711754
-18 0.04634482123465135
-17.8 0.04632448365072494
-17.6 0.04630422369053702
-17.4 0.04628404178804628
-17.2 0.0462639383649922
-17 0.04624391382931661
-16.8 0.04622396857380621
-16.6 0.04620410297426515
-16.4 0.04618431738775664
-16.2 0.04616461215107809
-16 0.0461449875779811
-15.8 0.046125443957604616
-15.6 0.046105981551445845
-15.4 0.04608660059124965
-15.2 0.046067301275696165
-15 0.0460480837674295
-14.8 0.046028948189637764
-14.6 0.04600989462266069
-14.4 0.04599092309976362
-14.2 0.045972033602367894
-14 0.045953226056140245
-13.8 0.04593450032512263
-13.6 0.04591585620642036
-13.4 0.04589729342396737
-13.2 0.04587881162184898
-13 0.04586041035650615
-12.8 0.04584208908928385
-12.6 0.045823847177134294
-12.4 0.04580568386323798
-12.2 0.04578759826554677
-12 0.04576958936596443
-11.8 0.04575165599671665
-11.6 0.04573379682611763
-11.4 0.04571601034290802
-11.2 0.04569829483846549
-11 0.04568064838772785
-10.8 0.04566306882688445
-10.6 0.04564555373002929
-10.4 0.045628100382157505
-10.2 0.04561070574899967
-10 0.045593366444054026
-9.8 0.04557607869055878
-9.6 0.04555883827982843
-9.4 0.0455416405233631
-9.2 0.045524480200067836
-9 0.04550735149498415
-8.8 0.04549024793123551
-8.6 0.045473162291908724
-8.4 0.04545608653132741
-8.2 0.04543901167329408
-8 0.04542192769505335
-7.8 0.04540482339307804
-7.6 0.045387686229076574
-7.4 0.04537050215056917
-7.2 0.04535325538428711
-7 0.045335928192693206
-6.8 0.04531850059121262
-6.6 0.045300950014445424
-6.4 0.04528325092202474
-6.2 0.04526537433078984
-6 0.04524728725788705
-5.8 0.04522895205079273
-5.6 0.045210325582041216
-5.4 0.04519135827039687
-5.2 0.04517199288579399
-5 0.045152163082141754
-4.8 0.045131791578186836
-4.6 0.0451107878884384
-4.4 0.045089045466953075
-4.2 0.04506643807839836
-4 0.045042815144146764
-3.8 0.04501799570608167
-3.6 0.04499176050833134
-3.4 0.044963841475871784
-3.2 0.04493390753526974
-3 0.044901545210555005
-2.8 0.04486623160666129
-2.6 0.044827296073849325
-2.4 0.04478386463131288
-2.2 0.04473477743501628
-2 0.04467846282257261
-1.8 0.044612738993654075
-1.6 0.04453449034740001
-1.4 0.04443911683958598
-1.2 0.044319550833661334
-1 0.044164400717874634
-0.8 0.043954217476669645
-0.6 0.043653499150988685
-0.4 0.043193251697284385
-0.2 0.042447488359402895
0 0.04161460960620962
0.2 0.046403757263300406
0.4 0.04954836344873819
0.6 0.04804522793676945
0.8 0.04724420062020203
1 0.04677820781032535
1.2 0.046479099681038825
1.4 0.04627229243149069
1.6 0.04612126098832914
1.8 0.04600634753953917
2 0.04591612692618773
2.2 0.04584353739960852
2.4 0.04578399180098857
2.6 0.045734386611284
2.8 0.045692549840639016
3 0.045656917497256894
3.2 0.045626335719104634
3.4 0.04559993524871239
3.6 0.045577049240913464
3.8 0.04555715794043152
4 0.0455398505287416
4.2 0.045524798241369485
4.4 0.04551173505891249
4.6 0.04550044359753447
4.8 0.045490744639388916
5 0.04548248925014906
5.2 0.04547555277198426
5.4 0.045469830189280226
5.6 0.0454652325153262
5.8 0.04546168394726995
6 0.04545911960477961
6.2 0.04545748371824809
6.4 0.04545672816495674
6.6 0.04545681127722221
6.8 0.04545769686603269
7 0.04545935341584079
7.2 0.04546175341645051
7.4 0.04546487280502998
7.6 0.04546869049793867
7.8 0.04547318799567493
8 0.04547834904868168
8.2 0.04548415937199331
8.4 0.04549060640073145
8.6 0.04549767908167284
8.8 0.04550536769169247
9 0.045513663681538204
9.2 0.04552255953947187
9.4 0.045532048672727
9.6 0.04554212530332928
9.8 0.04555278437658033
10 0.045564021480734865
10.2 0.04557583277527401
10.4 0.04558821492810308
10.6 0.0456011650583569
10.8 0.04561468068702637
11 0.045628759690414813
11.2 0.04564340026126822
11.4 0.045658600870641136
11.6 0.04567436023540939
11.8 0.045690677288532454
12 0.045707551150746435
12.2 0.04572498110677815
12.4 0.04574296658168907
12.6 0.04576150711995585
12.8 0.045780602366558135
13 0.04580025204873117
13.2 0.045820455959572036
13.4 0.045841213942730885
13.6 0.045862525878362134
13.8 0.04588439166916132
14 0.045906811228152676
14.2 0.045929784467615406
14.4 0.04595331128684754
14.6 0.04597739156288904
14.8 0.046002025139886105
15 0.04602721182032583
15.2 0.04605295135610596
15.4 0.04607924343940151
15.6 0.04610608769629603
15.8 0.04613348367748305
16 0.04616143085196321
16.2 0.04618992859980352
16.4 0.04621897620566198
16.6 0.046248572852386365
16.8 0.046278717614723214
17 0.046309409453508206
17.2 0.04634064721075503
17.4 0.04637242960351104
17.6 0.04640475521897927
17.8 0.04643762251002273
18 0.046471029789949464
18.2 0.04650497522861636
18.4 0.0465394568480082
18.6 0.04657447251788868
18.8 0.04661001995282963
19 0.04664609670798597
19.2 0.04668270017594856
19.4 0.04671982758395798
19.6 0.04675747599054345
19.8 0.04679564228332206
20 0.0468343231760077
20.2 0.04687351520752073
20.4 0.04691321473840914
20.6 0.04695341795033106
20.8 0.04699412084454368
21 0.04703531924044442
21.2 0.04707700877476389
21.4 0.04711918490164267
21.6 0.04716184289104095
21.8 0.04720497783024304
22 0.04724858462309344
22.2 0.047292657990878964
22.4 0.04733719247365392
22.6 0.04738218243083394
22.8 0.0474276220429148
23 0.047473505313727404
23.2 0.04751982607202933
23.4 0.0475665779742
23.6 0.0476137545070163
23.8 0.04766134899133065
24 0.04770935458455332
24.2 0.04775776428500897
24.4 0.047806570936048176
24.6 0.047855767230390325
24.8 0.04790534571441465
25 0.047955298793995405
25.2 0.04800561873944287
25.4 0.048056297690671296
25.6 0.04810732766381669
25.8 0.048158700557064255
26 0.048210408157012295
26.2 0.04826244214579144
26.4 0.04831479410728229
26.6 0.04836745553525858
26.8 0.04842041783937606
27 0.048473672354544646
27.2 0.048527210346948596
27.4 0.04858102302311501
27.6 0.048635101537343184
27.8 0.048689437000356765
28 0.048744020487346114
28.2 0.04879884304637017
28.4 0.0488538957069366
28.6 0.04890916948854249
28.8 0.04896465540867093
29 0.04902034449250764
29.2 0.04907622778048214
29.4 0.04913229633712328
29.6 0.04918854125969746
29.8 0.04924495368642284
30 0.04930152480500695
30.2 0.04935824586068335
30.4 0.049415108164113444
30.6 0.04947210310014665
30.8 0.04952922213456463
31 0.04958645682258378
31.2 0.04964379881604622
31.4 0.04970123986986506
31.6 0.04975877185053611
31.8 0.04981638674169002
32 0.049874076650982056
32.2 0.04993183381664683
32.4 0.049989650612784764
32.6 0.050047519556227375
32.8 0.05010543331086166
33 0.05016338469309903
33.2 0.05022136667746604
33.4 0.050279372400060855
33.6 0.05033739516340894
33.8 0.050395428440006204
34 0.0504534658766347
34.2 0.050511501296974924
34.4 0.05056952870500894
34.6 0.050627542287361965
34.8 0.05068553641572066
35 0.05074350564929309
35.2 0.05080144473608616
35.4 0.050859348614807606
35.6 0.0509172124152984
35.8 0.05097503146046726
36 0.05103280126561785
36.2 0.05109051753981724
36.4 0.05114817618574616
36.6 0.05120577329842057
36.8 0.051263305166491815
37 0.05132076827005841
37.2 0.05137815928039239
37.4 0.0514354750585737
37.6 0.0514927126541143
37.8 0.05154986930324801
38 0.05160694242732021
38.2 0.05166392963070984
38.4 0.051720828698885495
38.6 0.051777637595585485
38.8 0.051834354460590454
39 0.051890977607304184
39.2 0.05194750551934843
39.4 0.052003936848710554
39.6 0.052060270411673625
39.8 0.05211650518617175
40 0.05217264030875673
40.2 0.052228675070891135
40.4 0.05228460891595891
40.6 0.05234044143539321
40.8 0.05239617236515277
41 0.05245180158280224
41.2 0.05250732910354385
41.4 0.05256275507609989
41.6 0.05261807977956204
41.8 0.05267330361955543
42 0.05272842712470452
42.2 0.05278345094258378
42.4 0.05283837583600113
42.6 0.05289320267978315
42.8 0.05294793245628209
43 0.05300256625235276
43.2 0.053057105255308074
43.4 0.05311155074934492
43.6 0.053165904111942025
43.8 0.05322016681019416
44 0.05327434039754943
44.2 0.05332842650973874
44.4 0.05338242686201575
44.6 0.053436343244874014
44.8 0.053490177521606265
45 0.053543931624229636
45.2 0.053597607550738474
45.4 0.05365120736134983
45.6 0.053704733176139094
45.8 0.053758187171068166
46 0.053811571575589696
46.2 0.05386488866955108
46.4 0.05391814078008901
46.6 0.05397133027901675
46.8 0.05402445958009214
47 0.05407753113592356
47.2 0.0541305474359658
47.4 0.054183511003326586
47.6 0.05423642439290034
47.8 0.054289290188290824
48 0.054342111000111604
48.2 0.05439488946306428
48.4 0.05444762823424096
48.6 0.05450032999066126
48.8 0.054552997427125355
49 0.054605633254741166
49.2 0.05465824019819409
49.4 0.05471082099432936
49.6 0.05476337839050752
49.8 0.054815915142044584
50 0.054868434011220164
50.2 0.05492093776579586
50.4 0.05497342917667024
50.6 0.05502591101687842
50.8 0.05507838605992409
51 0.05513085707892115
51.2 0.05518332684416366
51.4 0.055235798122708915
51.6 0.05528827367718918
51.8 0.05534075626298882
52 0.05539324863088005
52.2 0.05544575352153046
52.4 0.05549827366605844
52.6 0.055550811787336986
52.8 0.05560337059668948
53 0.05565595278943251
53.2 0.05570856105463947
53.4 0.05576119806401488
53.6 0.05581386647252392
53.8 0.055866568925304026
54 0.055919308047643924
54.2 0.05597208644773863
54.4 0.05602490672123275
54.6 0.056077771437553756
54.8 0.05613068316445813
55 0.056183644419765616
55.2 0.05623665774200694
55.4 0.05628972561308924
55.6 0.056342850524681715
55.8 0.05639603491344675
56 0.056449281232659146
56.2 0.056502591976224835
56.4 0.05666704438754173
56.6 0.056705442202547224
56.8 0.05671328725961669
57 0.05675196508472259
57.2 0.056790785645238255
57.4 0.056829750736364905
57.6 0.05686886213452987
57.8 0.056908121597260414
58 0.056947530862635584
58.2 0.056987091650462056
58.4 0.05699066236846934
58.6 0.05701633328186219
58.8 0.05704226981652067
59 0.05706847224650724
59.2 0.05709494091320656
59.4 0.05712167621647854
59.6 0.057148678495411484
59.8 0.057175948119644424
60 0.05720348544087141
60.2 0.057231290820774224
60.4 0.05725936461910416
60.6 0.0572877071899638
60.8 0.0573163188960653
61 0.05734520008575298
61.2 0.05737435111619228
61.4 0.05740377233735911
61.6 0.057433464095765156
61.8 0.05746342673948149
62 0.057493660612939874
62.2 0.05752416605421321
62.4 0.05755494340157888
62.6 0.0575859929875199
62.8 0.05761731514259952
63 0.05764891019264189
63.2 0.05768077845833097
63.4 0.05771292025863739
63.6 0.05774533590549819
63.8 0.0577780257083412
64 0.057810989970884887
64.2 0.057844228991346704
64.4 0.05787774306359472
64.6 0.057911532476812196
64.8 0.05794559751374432
65 0.057979938452526185
65.2 0.058014555565034466
65.4 0.058049449118176145
65.6 0.058084619373003604
65.8 0.058120066583975935
66 0.058155791000210816
66.2 0.058191792864759014
66.4 0.058228072414263234
66.6 0.058264629879106376
66.8 0.058301465483777154
67 0.05833857944588244
67.2 0.05837597197691661
67.4 0.058413643281650364
67.6 0.05845159355874083
67.8 0.058489822999691556
68 0.05852833178955727
68.2 0.058567120106851056
68.4 0.05860618812312405
68.6 0.05864553600306829
68.8 0.05868516390522527
69 0.058725071980270806
69.2 0.0587652603728936
69.4 0.05880572922038965
69.6 0.0588464786533815
69.8 0.058887508795562864
70 0.058928819763503316
70.2 0.05897041166708591
70.4 0.05901228460906576
70.6 0.059054438685211
70.8 0.059096873984536086
71 0.05913959058888349
71.2 0.059182588573106605
71.4 0.05922586800534308
71.6 0.05926942894680257
71.8 0.05931327145125943
72 0.05935739556626233
72.2 0.05940180133185775
72.4 0.05944648878151916
72.6 0.0594914579419333
72.8 0.0595367088324747
73 0.05958224146610972
73.2 0.0596280558489415
73.4 0.059674151980063886
73.6 0.05972052985216366
73.8 0.05976718945072454
74 0.05981413075480077
74.2 0.05986135373691405
74.4 0.05990885836273306
74.6 0.059956644591391335
74.8 0.060004712375339095
75 0.06005306166094068
75.2 0.06010169238731738
75.4 0.06015060448766144
75.6 0.06019979788871537
75.8 0.060249272510821385
76 0.06029902826787714
76.2 0.06034906506741469
76.4 0.060399382811061386
76.6 0.06044998139394894
76.8 0.060500860705206355
77 0.060552020627741295
77.2 0.060603461038599676
77.4 0.06065518180857389
77.6 0.06070718280293508
77.8 0.060759463880195895
78 0.06081202489415664
78.2 0.06086486569186703
78.4 0.060917986115220334
78.6 0.060971385999968236
78.8 0.0610250651764728
79 0.06107902346967699
79.2 0.06113326069854731
79.4 0.061187776676988714
79.6 0.061242571213334734
79.8 0.06129764411047889
80 0.06135299516612626
80.2 0.06140862417248581
80.4 0.06146453091707075
80.6 0.06152071518183665
80.8 0.06157717674375193
81 0.06163391537489363
81.2 0.06169093084244916
81.4 0.061748222908491614
81.6 0.06180579133031187
81.8 0.06186363586048701
82 0.06192175624696829
82.2 0.06198015223291373
82.4 0.062038823556949674
82.6 0.062097769953159444
82.8 0.062156991151249
83 0.062216486876484595
83.2 0.06227625684970241
83.4 0.0623363007874013
83.6 0.06239661840231828
83.8 0.06245720940233934
84 0.06251807349194011
84.2 0.06257921037113742
84.4 0.06264061973608302
84.6 0.06270230127912485
84.8 0.06276425468868817
85 0.06282647964940336
85.2 0.06288897584218227
85.4 0.0629517429444521
85.6 0.06301478062985268
85.8 0.06307808856853184
86 0.06314166642731431
86.2 0.06320551386951995
86.4 0.06326963055513851
86.6 0.06333401614088745
86.8 0.06339867028013699
87 0.0634635926234547
87.2 0.06352878281807126
87.4 0.06359424050826946
87.6 0.0636599653351561
87.8 0.06372595693730104
88 0.06379221495006478
88.2 0.06385873900659975
88.4 0.0639255287364903
88.6 0.06399258376734945
88.8 0.06405990372405478
89 0.06412748822880093
89.2 0.06419533690135332
89.4 0.06426344935908525
89.6 0.0643318252170328
89.8 0.06440046408802386
90 0.06446936558235765
90.2 0.06453852930861569
90.4 0.06460795487279275
90.6 0.06467764187912164
90.8 0.0647475899297455
91 0.06481779862472102
91.2 0.06488826756258664
91.4 0.0649589963399133
91.6 0.06502998455106472
91.8 0.06510123178927332
92 0.06517273764580168
92.2 0.06524450171053664
92.4 0.06531652357153447
92.6 0.06538880281566838
92.8 0.06546133902803103
93 0.065534131792702
93.2 0.06560718069219046
93.4 0.06568048530784901
93.6 0.06575404521959735
93.8 0.06582786000650552
94 0.0659019292461685
94.2 0.06597625251577396
94.4 0.06605082939084217
94.6 0.06612565944580467
94.8 0.06620074225505453
95 0.06627607739147856
95.2 0.06635166442710938
95.4 0.06642750293364684
95.6 0.06650359248182452
95.8 0.06657993264153443
96 0.06665652298267065
96.2 0.0667333630738482
96.4 0.06681045248358962
96.6 0.06688779077998183
96.8 0.06696537753058969
97 0.06704321230263184
97.2 0.0671212946627015
97.4 0.06719962417779717
97.6 0.06727820041412422
97.8 0.06735702293795759
98 0.06743609131527463
98.2 0.06751540511184681
98.4 0.06759496389390338
98.6 0.06767476722745452
98.8 0.06775481467802406
99 0.06783510581179884
99.2 0.06791564019496907
99.4 0.06799641739379127
99.6 0.06807743697486818
99.8 0.06815869850496849
100 0.06824020155094129
100.2 0.06832194568032253
100.4 0.06840393046063481
100.6 0.06848615546023636
100.8 0.06856862024765344
101 0.06865132439186529
101.2 0.06873426746244109
101.4 0.0688174490296323
101.6 0.06890086866412048
101.8 0.06898452593716958
102 0.06906842042097008
102.2 0.06915255168817404
102.4 0.0692369193121752
102.6 0.06932152286740093
102.8 0.06940636192877205
103 0.06949143607231634
103.2 0.06957674487458912
103.4 0.0696622879135967
103.6 0.06974806476777273
103.8 0.0698340750167661
104 0.06992031824124413
104.2 0.07000679402275109
104.4 0.07009350194431684
104.6 0.07018044158948317
104.8 0.07026761254339614
105 0.07035501439221914
105.2 0.07044264672313427
105.4 0.0705305091250054
105.6 0.07061860118740648
105.8 0.07070692250168745
106 0.07079547265999026
106.2 0.07088425125640932
106.4 0.07097325788568297
106.6 0.07106249214486998
106.8 0.07115195363163968
107 0.07124164194534127
107.2 0.07133155668706058
107.4 0.07142169745915275
107.6 0.07151206386543275
107.8 0.07160265551149386
108 0.07169347200434639
108.2 0.0717845129527136
108.4 0.07187577796679252
108.6 0.07196726665873301
108.8 0.07205897864207825
109 0.07215091353202159
109.2 0.07224307094575128
109.4 0.07233545050198958
109.6 0.07242805182148776
109.8 0.07252087452633428
110 0.07261391824083704
110.2 0.07270718259110213
110.4 0.07280066720474838
110.6 0.07289437171174112
110.8 0.07298829574353516
111 0.07308243893370063
111.2 0.07317680091766832
111.4 0.07327138133295599
111.6 0.07336617981886974
111.8 0.07346119601691535
112 0.07355642957038543
112.2 0.07365188012465751
112.4 0.07374754732747472
112.6 0.07384343082781196
112.8 0.0739395302778833
113 0.07403584533099093
113.2 0.07413237564324694
113.4 0.07422912087219541
113.6 0.07432608067838097
113.8 0.07442325472355255
114 0.07452064267247344
114.2 0.07461824419173585
114.4 0.07471605895009831
114.6 0.07481408661842712
114.8 0.07491232687019289
115 0.07501077938089375
115.2 0.07510944382813263
115.4 0.0752083198919737
115.6 0.07530740725477238
115.8 0.07540670560131643
116 0.07550621461810648
116.2 0.07560593399483534
116.4 0.0757058634228078
116.6 0.07580600259613647
116.8 0.07590635121079538
117 0.0760069089655762
117.2 0.07610767556159453
117.4 0.07620865070214895
117.6 0.07630983409285694
117.8 0.07641122544211548
118 0.0765128244605921
118.2 0.07661463086106982
118.4 0.07671664435912125
118.6 0.07681886467262765
118.8 0.07692129152193315
119 0.07702392462991238
119.2 0.0771267637215968
119.4 0.07722980852494726
119.6 0.07733305876977
119.8 0.07743651418919745
120 0.07754017451825984
120.2 0.07764403949435322
120.4 0.07774810885789442
120.6 0.07785238235146569
120.8 0.0779568597202916
121 0.07806154071185212
121.2 0.07816642507652755
121.4 0.07827151256706172
121.6 0.07837680293855716
121.8 0.07848229594875933
122 0.07858799135827092
122.2 0.07869388892984369
122.4 0.07879998842856407
122.6 0.07890628962262461
122.8 0.07901279228249417
123 0.07911949618115778
123.2 0.07922640109408777
123.4 0.07933350679970931
123.6 0.07944081307820701
123.8 0.07954831971323165
124 0.07965602649041387
124.2 0.07976393319815395
124.4 0.0798720396272721
124.6 0.07998034557131066
124.8 0.0800888508262123
125 0.08019755519037959
125.2 0.0803064584649695
125.4 0.08041556045373187
125.6 0.08052486096311601
125.8 0.08063435980138327
126 0.08074405678008782
126.2 0.0808539517131831
126.4 0.08096404441672918
126.6 0.08107433471005362
126.8 0.0811848224143841
127 0.081295507353697
127.2 0.0814063893547039
127.4 0.08151746824635459
127.6 0.08162874386039326
127.8 0.08174021603077554
128 0.08185188459407539
128.2 0.08196374938962328
128.4 0.08207581025884278
128.6 0.0821880670461666
128.8 0.08230051959790753
129 0.08241316776364951
129.2 0.08252601139465089
129.4 0.08263905034512682
129.6 0.08275228447191671
129.8 0.08286571363387363
130 0.08297933769228588
130.2 0.08309315651159997
130.4 0.08320716995809302
130.6 0.08332137790052843
130.8 0.08343578021029416
131 0.08355037676124513
131.2 0.08366516742949366
131.4 0.08378015209345752
131.6 0.08389533063441351
131.8 0.08401070293563967
132 0.08412626888312695
132.2 0.0842420283647613
132.4 0.08435798127113664
132.6 0.08447412749550723
132.8 0.08459046693273908
133 0.08470699948046183
133.2 0.08482372503916488
133.4 0.08494064351063699
133.6 0.08505775479966747
133.8 0.08517505881332404
134 0.08529255546055843
134.2 0.08541024465321649
134.4 0.08552812630496522
134.6 0.08564620033190752
134.8 0.08576446665232629
135 0.08588292518687991
135.2 0.08600157585857693
135.4 0.08612041859228468
135.6 0.08623945331535686
135.8 0.08635867995728318
136 0.08647809844970125
136.2 0.08659770872692062
136.4 0.08671751072437725
136.6 0.08683750438066674
136.8 0.08695768963612246
137 0.08707806643333997
137.2 0.08719863471680829
137.4 0.08731939443354744
137.6 0.08744034553231379
137.8 0.08756148796383581
138 0.087682821681546
138.2 0.087804346640374
138.4 0.0879260627976233
138.6 0.08804797011237611
138.8 0.08817006854607329
139 0.0882923580617601
139.2 0.08841483862504512
139.4 0.08853751020266858
139.6 0.08866037276445421
139.8 0.08878342628136379
140 0.08890667072694333
140.2 0.08903010607586705
140.4 0.08915373230500433
140.6 0.08927754939430385
140.8 0.08940155732370697
141 0.08952575607610884
141.2 0.08965014563653968
141.4 0.0897747259914556
141.6 0.0898994971290167
141.8 0.09002445904004863
142 0.09014961171529895
142.2 0.0902749551495094
142.4 0.09040048933860947
142.6 0.09052621427904153
142.8 0.09065212997071606
143 0.09077823641470958
143.2 0.09090453361284288
143.4 0.09103102157040699
143.6 0.09115770029326614
143.8 0.09128456978908742
144 0.09141163006703926
144.2 0.09153888113973721
144.4 0.09166632301797496
144.6 0.09179395571721706
144.8 0.09192177925327862
145 0.09204979364677562
145.2 0.09217799891390636
145.4 0.09230639507490666
145.6 0.09243498215360192
145.8 0.09256376017549689
146 0.0926927291654272
146.2 0.09282188914877514
146.4 0.09295124015411375
146.6 0.0930807822154859
146.8 0.09321051536302788
147 0.09334043962758458
147.2 0.09347055504365405
147.4 0.0936008616493547
147.6 0.09373135948425007
147.8 0.09386204858364137
148 0.09399292899249005
148.2 0.09412400074453323
148.4 0.09425526388516185
148.6 0.09438671846443661
148.8 0.09451836452597945
149 0.09465020211901065
149.2 0.09478223128652569
149.4 0.09491445208183508
149.6 0.09504686454712996
149.8 0.09517946876297964
150 0.09531226474720389
150.2 0.09544525257594895
150.4 0.09557843229812277
150.6 0.09571180396770046
150.8 0.09584536768010453
151 0.09597912343689842
151.2 0.0961130712996315
151.4 0.09624721141646869
151.6 0.09638154375506841
151.8 0.09651606842816564
152 0.09665078549489124
152.2 0.09678569499056673
152.4 0.09692079711165069
152.6 0.09705609173640645
152.8 0.0971915789014251
153 0.09732725901961013
153.2 0.09746313190553833
153.4 0.09774997837959795
153.6 0.09787991758117064
153.8 0.09801006045106174
154 0.09814040704646473
154.2 0.0982709574257419
154.4 0.09440278082767767
154.6 0.09844681329697576
154.8 0.09857797538821786
155 0.09870934150658249
155.2 0.09884091171519539
155.4 0.09897268607805347
155.6 0.09910466466018136
155.8 0.09923684752751502
156 0.09936923474663939
156.2 0.09950182638554907
156.4 0.09963462251215707
156.6 0.09976762319643223
156.8 0.09990082850824501
157 0.10003423851880472
157.2 0.1001678532997798
157.4 0.1003016729240441
157.6 0.10043569746502524
157.8 0.10056992699724993
158 0.10070436159547198
158.2 0.10083900133570571
158.4 0.10097384629464365
158.6 0.10110889654968454
158.8 0.1012441521789168
159 0.10137961326145828
159.2 0.1015152798766087
159.4 0.1016511521050555
159.6 0.10174755318124486
159.8 0.10187795718686277
160 0.10200858501260184
160.2 0.10213943665891717
160.4 0.10227051217557434
160.6 0.10240181150739187
160.8 0.10253333467915465
161 0.10266508173952013
161.2 0.10279705267831796
161.4 0.10292924749700277
161.6 0.10306166621367409
161.8 0.10319430884889008
162 0.10332717542048185
162.2 0.10346026594621183
162.4 0.10359358044109612
162.6 0.10372711892867598
162.8 0.10386088142091943
163 0.1039948679382957
163.2 0.10412907851538447
163.4 0.10426351316240873
163.6 0.10439817191069077
163.8 0.10453305478149658
164 0.1046681618062252
164.2 0.10480349299842753
164.4 0.10493904839428968
164.6 0.10507482802456537
164.8 0.10521083191180988
165 0.10534706008954656
165.2 0.10548351258687211
165.4 0.10562018943415304
165.6 0.1057570906662095
165.8 0.10589421631582732
166 0.10603156641635895
166.2 0.10616914100249306
166.4 0.10630694011070753
166.6 0.1064449637761149
166.8 0.1065832120355794
167 0.10672168492708349
167.2 0.10686038248978205
167.4 0.10699930476420126
167.6 0.1071384517867993
167.8 0.10727782360075933
168 0.10741742024624507
168.2 0.10755724176630749
168.4 0.10769728820367976
168.6 0.10783755960130603
168.8 0.10797805600507794
169 0.10811877745757235
169.2 0.10825972400425583
169.4 0.10840089569159196
169.6 0.1085422925679607
169.8 0.10868391467931345
170 0.1088257620737497
170.2 0.10896783480037939
170.4 0.10911013290833751
170.6 0.10925265644543886
170.8 0.10939540546595791
171 0.10953838001753402
171.2 0.10968158015372038
171.4 0.10982500592667585
171.6 0.10996865738770382
171.8 0.11011253459099207
172 0.11025663759048386
172.2 0.11040096643982349
172.4 0.1105455211948296
172.6 0.11069030191153768
172.8 0.11083530864342495
173 0.11098054145016374
173.2 0.11112600038518984
173.4 0.11127168550981925
173.6 0.11141759687916797
173.8 0.11156373455206928
174 0.1117100985880496
174.2 0.11185668904791962
174.4 0.1120035059895525
174.6 0.11215054947443333
174.8 0.11229781956156211
175 0.1124453163143613
175.2 0.11259303979335271
175.4 0.1127409900614328
175.6 0.11288916718050748
175.8 0.11303757121294221
176 0.11318620222371684
176.2 0.1133350602760063
176.4 0.11348414543416593
176.6 0.11363345776253499
176.8 0.11378299732646854
177 0.11393276419229013
177.2 0.11408275842276724
177.4 0.11423298008693378
177.6 0.11438342924822782
177.8 0.11453410597557921
178 0.11468501033747142
178.2 0.11483614240458967
178.4 0.11498750223469756
178.6 0.11513908990335074
178.8 0.11529090548178779
179 0.11544294902823841
179.2 0.11559522062633613
179.4 0.1157477203383401
179.6 0.11590044823101736
179.8 0.11605340437853173
180 0.11620658885431055
180.2 0.11636000172006405
180.4 0.11651364305852556
180.6 0.11666751293164901
180.8 0.11682161141006871
181 0.11697593858073797
181.2 0.11713049450937733
181.4 0.11728527924500155
181.6 0.11744029289377399
181.8 0.11759553552180507
182 0.11775100721575445
182.2 0.11790670797908397
182.4 0.11806263796508307
182.6 0.11821879724337342
182.8 0.11837518578842882
183 0.11853180376824496
183.2 0.11868865146013276
183.4 0.11884572846047368
183.6 0.11900303523638472
183.8 0.11932175248026988
184 0.11947343191909561
184.2 0.11962535099752089
184.4 0.11977750978276053
184.6 0.11965873517475378
184.8 0.11981137357182556
185 0.11996425187557273
185.2 0.12011737015316538
185.4 0.12027072847036485
185.6 0.12042432689484259
185.8 0.12057816549436512
186 0.12073224433586062
186.2 0.12088656348681691
186.4 0.12112212504115005
186.6 0.12127104281873605
186.8 0.12142021851754128
187 0.12156965247959797
187.2 0.12171934447881234
187.4 0.12186929458991888
187.6 0.12197353189448469
187.8 0.12212977596082027
188 0.12228626094849575
188.2 0.12244298692435544
188.4 0.12259995395624619
188.6 0.12275716211675361
188.8 0.12291461147199101
189 0.12307230208821886
189.2 0.12323023403747246
189.4 0.12338840738693785
189.6 0.12354682220869823
189.8 0.12370547856599812
190 0.123864376531175
190.2 0.12399570214523514
190.4 0.12414952466354798
190.6 0.12430360543608843
190.8 0.12445794435923688
191 0.12461254152837895
191.2 0.124767396922979
191.4 0.12492251054712764
191.6 0.1250778824073233
191.8 0.12523351253842802
192 0.12538940091325904
192.2 0.12554554756047995
192.4 0.12570195250302213
192.6 0.12585861572682022
192.8 0.1260155372611362
193 0.12617271709701378
193.2 0.12633015526446748
193.4 0.12648785176746616
193.6 0.12664580661373734
193.8 0.1268040198259137
194 0.12696249140632468
194.2 0.1271212213652132
194.4 0.12728020972176524
194.6 0.12743945648377053
194.8 0.12759896167230705
195 0.1277587253017826
195.2 0.12791874736517775
195.4 0.12807902790372694
195.6 0.1282395669261453
195.8 0.12840036442341607
196 0.12856142043374863
196.2 0.12872273497179518
196.4 0.12888430805863008
196.6 0.12904613966327474
196.8 0.1292082298290859
197 0.12937057862011986
197.2 0.12953318599779515
197.4 0.12969605200669843
197.6 0.12985917665247448
197.8 0.13002255987154515
198 0.1301862018206128
198.2 0.13035010249611165
198.4 0.13051426177338077
198.6 0.13067867975653016
198.8 0.1308433566349409
199 0.13100829218123156
199.2 0.13117348653396266
199.4 0.13151151492074847
199.6 0.1316718173762411
199.8 0.13183238614410187
