-200 0.21840273320758208
-199.8 0.21841488448892976
-199.6 0.21842724051583198
-199.4 0.21843980230347318
-199.2 0.21845257089140857
-199 0.21846554729553952
-198.8 0.2184787325526372
-198.6 0.21849212772399235
-198.4 0.21850573383924285
-198.2 0.21851955198582154
-198 0.2185335832168421
-197.8 0.2185478286000888
-197.6 0.21856228922545734
-197.4 0.21857696620213218
-197.2 0.2185918606020841
-197 0.21860697356158104
-196.8 0.21862230616484418
-196.6 0.21863785955405782
-196.4 0.21865363486891803
-196.2 0.21866963322450658
-196 0.21868585576748628
-195.8 0.21870230366128168
-195.6 0.21871897808386712
-195.4 0.21873588016767265
-195.2 0.2187530111118088
-195 0.21877037207552413
-194.8 0.21878796430472866
-194.6 0.21880578894045494
-194.4 0.21882384729104765
-194.2 0.2188421404020672
-194 0.21886066970655776
-193.8 0.21887943630367224
-193.6 0.21889844131041855
-193.4 0.21891768538931636
-193.2 0.21893717334504395
-193 0.21303017804010876
-192.8 0.21662808712545775
-192.6 0.22018770854831926
-192.4 0.22017491615116155
-192.2 0.22016234418564315
-192 0.22014999394834767
-191.8 0.2201378674181722
-191.6 0.22012596586741678
-191.4 0.22011429086170728
-191.2 0.22010284387405557
-191 0.22009162663851561
-190.8 0.22008064060579757
-190.6 0.2200698871096723
-190.4 0.22005936819310476
-190.2 0.2200490853232464
-190 0.22003903934388597
-189.8 0.2200292332379613
-189.6 0.21683859402496464
-189.4 0.2168252121856044
-189.2 0.2201420289487907
-189 0.22012509395155397
-188.8 0.22010841133511455
-188.6 0.2200919821380289
-188.4 0.2200758083018543
-188.2 0.22005989086692582
-188 0.22004423211738755
-187.8 0.22002883347514646
-187.6 0.22001369662837256
-187.4 0.21999882341297036
-187.2 0.21998421544132576
-187 0.21996987448535557
-186.8 0.21995580234200715
-186.6 0.21994200065667144
-186.4 0.21992847123280299
-186.2 0.21991521584074564
-186 0.21990223623901906
-185.8 0.2198895341982959
-185.6 0.21987711151841366
-185.4 0.21986496999317742
-185.2 0.21985311142257843
-185 0.2198415376290675
-184.8 0.2198302504520238
-184.6 0.21981925167165273
-184.4 0.21980854316828027
-184.2 0.21979812676519594
-184 0.21978800432850015
-183.8 0.21977817772347358
-183.6 0.21976864880604452
-183.4 0.21975941946709937
-183.2 0.21975049158978904
-183 0.2197418670646278
-182.8 0.21973354780056822
-182.6 0.21972553570748027
-182.4 0.21971783270075912
-182.2 0.21971044070608592
-182 0.21970336166818136
-181.8 0.21969659751593168
-181.6 0.219690150213362
-181.4 0.21968402171033993
-181.2 0.2196782139790686
-181 0.2196727289868072
-180.8 0.21966756872573376
-180.6 0.21966273517796972
-180.4 0.21965823034302767
-180.2 0.2196540562262863
-180 0.21965021484432556
-179.8 0.2196467082208452
-179.6 0.21964353838206316
-179.4 0.2196380355080653
-179.2 0.2196382172075418
-179 0.21963606997105747
-178.8 0.21963426772446917
-178.6 0.21963281252027214
-178.4 0.21963170643704266
-178.2 0.21963095156763415
-178 0.2196305499967937
-177.8 0.21963050382607305
-177.6 0.21963081516712046
-177.4 0.21963148611297817
-177.2 0.21963251881135912
-177 0.21963391538816623
-176.8 0.21963567796344974
-176.6 0.21963780870143915
-176.4 0.21964030980015273
-176.2 0.21964318349866227
-176 0.217924611723587
-175.8 0.22035711715683326
-175.6 0.22034187499677466
-175.4 0.22032699341561865
-175.2 0.2203124748508165
-175 0.22029832145809974
-174.8 0.22028453559879102
-174.6 0.2202711196507815
-174.4 0.22025807599539632
-174.2 0.22024540702301082
-174 0.22023311511030372
-173.8 0.2202212027120583
-173.6 0.22020967226971025
-173.4 0.22019852604961904
-173.2 0.22018880720295067
-173 0.22017739661623933
-172.8 0.22016741829970826
-172.6 0.2201578335988299
-172.4 0.21510611357604065
-172.2 0.22532000888969272
-172 0.22176655613166332
-171.8 0.22171898607527593
-171.6 0.22167179250584942
-171.4 0.22162497909332216
-171.2 0.221578548404026
-171 0.22153250341961445
-170.8 0.22148684706250216
-170.6 0.22144158221625176
-170.4 0.22139671192564242
-170.2 0.22135223920171299
-170 0.22130816691455854
-169.8 0.22126449805218312
-169.6 0.2212212358649895
-169.4 0.22117838297390405
-169.2 0.22113594257067332
-169 0.22110078337588868
-168.8 0.22105037608530909
-168.6 0.2193639752238328
-168.4 0.22405745557334789
-168.2 0.22165356792950064
-168 0.221592866490276
-167.8 0.22153343061597539
-167.6 0.22147397818219544
-167.4 0.22141494129326242
-167.2 0.22135632335753966
-167 0.22129812762804235
-166.8 0.22124035737636547
-166.6 0.22118301606542382
-166.4 0.221014237978637
-166.2 0.22349756625816875
-166 0.2232541420825823
-165.8 0.22317603191519245
-165.6 0.22309825460872532
-165.4 0.22302081213977606
-165.2 0.2229437064429904
-165 0.22286693954771794
-164.8 0.2227905134109285
-164.6 0.22271443003176847
-164.4 0.22263869144971885
-164.2 0.22256329962141003
-164 0.2224882566207222
-163.8 0.2224135645237559
-163.6 0.22233922547049792
-163.4 0.22226524129591888
-163.2 0.22455013556480866
-163 0.22259773941617306
-162.8 0.22250447617072042
-162.6 0.22241154681401112
-162.4 0.22231895366424703
-162.2 0.22222669909599696
-162 0.2221347851666301
-161.8 0.2220432142752013
-161.6 0.22195198862472615
-161.4 0.22186111062830458
-161.2 0.22177058245377884
-161 0.22168040656749474
-160.8 0.22159058527479666
-160.6 0.22102474642765238
-160.4 0.22212410238477615
-160.2 0.22147483712447874
-160 0.2213599118880709
-159.8 0.22124528053364806
-159.6 0.22113094579929507
-159.4 0.22101690969320623
-159.2 0.22090317518944522
-159 0.22078974406210947
-158.8 0.21762991574888205
-158.6 0.2175103671611226
-158.4 0.22085081875120666
-158.2 0.22072561828318682
-158 0.2206007528902797
-157.8 0.2204762246452964
-157.6 0.2203520364311499
-157.4 0.22022819090831844
-157.2 0.22010469090284018
-157 0.2199815392499702
-156.8 0.2198587388373644
-156.6 0.21973629248881243
-156.4 0.21961319728868609
-156.2 0.21949247390313345
-156 0.21937110756545253
-155.8 0.21925010724844482
-155.6 0.2191294760017224
-155.4 0.2190092169178873
-155.2 0.2188893331293641
-155 0.218769827805473
-154.8 0.21865070414742233
-154.6 0.21853196541129494
-154.4 0.2184136148735262
-154.2 0.21829565585443078
-154 0.21817809171797378
-153.8 0.2180609258672237
-153.6 0.21794416174770165
-153.4 0.21782780284749784
-153.2 0.21771185268423215
-153 0.21759631484215097
-152.8 0.21748119292989218
-152.6 0.2173664906082325
-152.4 0.21725221157790578
-152.2 0.21713835959599392
-152 0.21702493845140736
-151.8 0.21691195198895896
-151.6 0.2167994040984484
-151.4 0.21668729871308812
-151.2 0.21657563982952702
-151 0.2164644314703844
-150.8 0.2163536777311807
-150.6 0.216243382729601
-150.4 0.21613355066914144
-150.2 0.21602418576350316
-150 0.2159152923234263
-149.8 0.21580687467332638
-149.6 0.21570589587175912
-149.4 0.21559017378346332
-149.2 0.21548452066283175
-149 0.21537805061599705
-148.8 0.2152720788667942
-148.6 0.21516661008189703
-148.4 0.21506164896519842
-148.2 0.21362751179738645
-148 0.21544352544395587
-147.8 0.21652157489382062
-147.6 0.21635603754769264
-147.4 0.21622905099110298
-147.2 0.216078538832573
-147 0.21592853757054684
-146.8 0.21577905306057607
-146.6 0.2156300912280934
-146.4 0.2154816581034567
-146.2 0.21533375971106272
-146 0.21518640217792465
-145.8 0.21503959163646036
-145.6 0.2148933343801843
-145.4 0.21474763662476112
-145.2 0.21460250475492293
-145 0.21445794517518685
-144.8 0.2143139643406686
-144.6 0.21417056880834331
-144.4 0.21402776511753324
-144.2 0.21388555995064748
-144 0.21374744956293545
-143.8 0.21360297201040623
-143.6 0.21346260281265933
-143.4 0.21332285925132138
-143.2 0.21318374835510476
-143 0.21304527698469983
-142.8 0.21290745224200278
-142.6 0.21277028120733205
-142.4 0.21263377109958995
-142.2 0.21249792900883158
-142 0.21236276257678718
-141.8 0.21222827838610206
-141.6 0.21209448457191932
-141.4 0.21146137764201542
-141.2 0.20946434179823875
-141 0.21318237018240146
-140.8 0.21241569273369307
-140.6 0.21222551879947668
-140.4 0.21203592460979911
-140.2 0.21184691818300522
-140 0.21165850757681817
-139.8 0.211470701307977
-139.6 0.21128350753605543
-139.4 0.21109693466463872
-139.2 0.21091099110842373
-139 0.21072568534721214
-138.8 0.21054102594005356
-138.6 0.21035702148704152
-138.4 0.21017368061495637
-138.2 0.20999101206930085
-138 0.2098090245818463
-137.8 0.2096277269823235
-137.6 0.20944712813940422
-137.4 0.20926723696659197
-137.2 0.20908806242097272
-137 0.20890961352954923
-136.8 0.20873189933944358
-136.6 0.20855492896592567
-136.4 0.2083787115550715
-136.2 0.2082032563047885
-136 0.20802857245043127
-135.8 0.20785466926917837
-135.6 0.20768155608139288
-135.4 0.20750924221950365
-135.2 0.20733773711178466
-135 0.20716705014954548
-134.8 0.20699719067732944
-134.6 0.20411680768094803
-134.4 0.20785598127811056
-134.2 0.20766001806932372
-134 0.2074648693064312
-133.8 0.20727054473733786
-133.6 0.207077054500887
-133.4 0.20688440886424742
-133.2 0.20669261798994448
-133 0.20650169211282943
-132.8 0.2063116415017584
-132.6 0.20612247634200956
-132.4 0.20874688447198017
-132.2 0.20662998396127494
-132 0.20642050211186982
-131.8 0.20620699934861714
-131.6 0.20301290092728855
-131.4 0.20641350981370102
-131.2 0.20617579760945737
-131 0.2059389441536998
-130.8 0.20570296062027638
-130.6 0.20546785804671353
-130.4 0.2052336475915905
-130.2 0.2050003403719594
-130 0.20476794755892455
-129.8 0.20453648033168395
-129.6 0.20430594989366244
-129.4 0.2040763674859072
-129.2 0.20384774429885766
-129 0.2036200916404726
-128.8 0.20339342067207086
-128.6 0.20444486762101705
-128.4 0.20418960286969068
-128.2 0.20393529368127483
-128 0.2036819519049341
-127.8 0.20229364229926317
-127.6 0.205049564121234
-127.4 0.20334108258321107
-127.2 0.20306478953049872
-127 0.20278946732962422
-126.8 0.2025151277745167
-126.6 0.20224178317592328
-126.4 0.20196944591043306
-126.2 0.20169812822825242
-126 0.20208825263428837
-125.8 0.2011949707042067
-125.6 0.20088846354878517
-125.4 0.2005828887061707
-125.2 0.20027825865390989
-125 0.19997458586656622
-124.8 0.19967188279422723
-124.6 0.1993701618881746
-124.4 0.19906943565849664
-124.2 0.19876971656478343
-124 0.19847101708830564
-123.8 0.19817334972625522
-123.6 0.19787279308135974
-123.4 0.19758116134873285
-123.2 0.19728666530704872
-123 0.19699325131115497
-122.8 0.19670093186391754
-122.6 0.19640971944991512
-122.4 0.19611962656575804
-122.2 0.19583066550411837
-122 0.19431789015743275
-121.8 0.19604835515959018
-121.6 0.19573253539872168
-121.4 0.19541782451784173
-121.2 0.1951042349570783
-121 0.1947917795625223
-120.8 0.19448047092368334
-120.6 0.1941703216724997
-120.4 0.19386134445614
-120.2 0.19355355186379342
-120 0.19324695648689258
-119.8 0.1929415708742255
-119.6 0.19263740755912018
-119.4 0.19233447904286424
-119.2 0.19203279783981092
-119 0.19173237634202725
-118.8 0.1914332269543086
-118.6 0.19113536209634507
-118.4 0.19033614514356295
-118.2 0.1913012618209988
-118 0.19038995171763945
-117.8 0.19005434483446954
-117.6 0.18971990737868305
-117.4 0.18938665132922078
-117.2 0.19023782683778637
-117 0.18987385667724427
-116.8 0.18951102392022526
-116.6 0.18914934145208853
-116.4 0.18878882204309
-116.2 0.1884294784738949
-116 0.18807132353357145
-115.8 0.18771436998550148
-115.6 0.18736652610688384
-115.4 0.18700060924115874
-115.2 0.18665084505497484
-115 0.18629882440166814
-114.8 0.18594806873464478
-114.6 0.18559859071127008
-114.4 0.18525040299373505
-114.2 0.18490362847863062
-114 0.18455794895980165
-113.8 0.18421370783750238
-113.6 0.18387080740432463
-113.4 0.18352926020190635
-113.2 0.18318907874404144
-113 0.18285027552545594
-112.8 0.18251286300810243
-112.6 0.1821768536341296
-112.4 0.18184225981538027
-112.2 0.18150909393447692
-112 0.18117736835084433
-111.8 0.18084709538813137
-111.6 0.18051828734117184
-111.4 0.1801909564881383
-111.2 0.17986511503889815
-111 0.17954077522513934
-110.8 0.17921794920492065
-110.6 0.17889664911710404
-110.4 0.17857688707012892
-110.2 0.17825867512977814
-110 0.17794202533410286
-109.8 0.17762694968222378
-109.6 0.17731346014057833
-109.4 0.17700156863246205
-109.2 0.17669128705162768
-109 0.1763826272479052
-108.8 0.17607560103333705
-108.6 0.17577022017959218
-108.4 0.17546649641536421
-108.2 0.1751644414400379
-108 0.1748640668955709
-107.8 0.17456538438741825
-107.6 0.17426840547895134
-107.4 0.17397314168818942
-107.2 0.17367960447673295
-107 0.17338780527557904
-106.8 0.17309775545638023
-106.6 0.17280946633969776
-106.4 0.17252294919839126
-106.2 0.1722382152564777
-106 0.17195527568119415
-105.8 0.1716741415853573
-105.6 0.1713948240179174
-105.4 0.1711173339846022
-105.2 0.17084168240705483
-105 0.1705678801619925
-104.8 0.17029593805812882
-104.6 0.17002586685452506
-104.4 0.16975767720736148
-104.2 0.16949137972162912
-104 0.16922698492271115
-103.8 0.16896450328362525
-103.6 0.16870394514564593
-103.4 0.16844532086697767
-103.2 0.1681886406155788
-103 0.16793391446195952
-102.8 0.16768115255482227
-102.6 0.16743036475471598
-102.4 0.16718156086468453
-102.2 0.16693475093700327
-102 0.16668994415727692
-101.8 0.166447150193014
-101.6 0.16620637852200376
-101.4 0.16596763960612562
-101.2 0.16232019467531533
-101 0.1588730814287655
-100.8 0.16576319535413375
-100.6 0.16549064402162683
-100.4 0.1652200798161235
-100.2 0.164951509362115
-100 0.16468494217204524
-99.8 0.16442038680587137
-99.6 0.16415785159893012
-99.4 0.16389734496594796
-99.2 0.16363887509040728
-99 0.1633824499789606
-98.8 0.16312807751925196
-98.6 0.16287576540247412
-98.4 0.16262552124189847
-98.2 0.16237735239412335
-98 0.1649664171241011
-97.8 0.16305977334727198
-97.6 0.1627775317011225
-97.4 0.16249725441517263
-97.2 0.16221894866355227
-97 0.1619426214537912
-96.8 0.16166827936380704
-96.6 0.16374907628311733
-96.4 0.1620046674034486
-96.2 0.16169696944812992
-96 0.1613911508687949
-95.8 0.16108721796671976
-95.6 0.16078517688505725
-95.4 0.1604850335643217
-95.2 0.16018679374898512
-95 0.15989046295602657
-94.8 0.1595960464771611
-94.6 0.15930354938678784
-94.4 0.1590129765168322
-94.2 0.1587243324370958
-94 0.1584376214953006
-93.8 0.15815284775634872
-93.6 0.15787001501530076
-93.4 0.15758912680347528
-93.2 0.15731018635065588
-93 0.15703319660722512
-92.8 0.15675816021301792
-92.6 0.15648507950983798
-92.4 0.15621395650701766
-92.2 0.15594479290192692
-92 0.15567759004718149
-91.8 0.15541234896845887
-91.6 0.15514907033082956
-91.4 0.15488775445079997
-91.2 0.15462840127989344
-91 0.1543710104015364
-90.8 0.15411558102174938
-90.6 0.15386211196285515
-90.4 0.1536106016607803
-90.2 0.15336104815458432
-90 0.1531134490849435
-89.8 0.15286965639204983
-89.6 0.15262410279742053
-89.4 0.15238234882193338
-89.2 0.15214253576497258
-89 0.15190465921010612
-88.8 0.15166871432089507
-88.6 0.15143469584204658
-88.4 0.1512025980972295
-88.2 0.15097241499223668
-88 0.15074414001575392
-87.8 0.15051776624141477
-87.6 0.15029328633282515
-87.4 0.15007069255138847
-87.2 0.14984997675451722
-87 0.1496311304170185
-86.8 0.14941414462355349
-86.6 0.14919901009447137
-86.4 0.14898571718643344
-86.2 0.14877425590985377
-86 0.14856461595016787
-85.8 0.14835678667130264
-85.6 0.14815075714764359
-85.4 0.14794651617376536
-85.2 0.14774405229283208
-85 0.14754335380881753
-84.8 0.14734440883614314
-84.6 0.1471472052888218
-84.4 0.14695173094846398
-84.2 0.14675797348290612
-84 0.14656592037343288
-83.8 0.1465574084584936
-83.6 0.14629304370894028
-83.4 0.14602983020527724
-83.2 0.14576775771287315
-83 0.1455068163384949
-82.8 0.14524699661533652
-82.6 0.14498828954202683
-82.4 0.1447306866311955
-82.2 0.14447417996626297
-82 0.14421876221755645
-81.8 0.14471757508279465
-81.6 0.1444192105389536
-81.4 0.14412174608635697
-81.2 0.1438251783151525
-81 0.14352950461820718
-80.8 0.14323472334879112
-80.6 0.14294083387420448
-80.4 0.1426478366160899
-80.2 0.1423557330938484
-80 0.14206452597377764
-79.8 0.1417742190955474
-79.6 0.1414848175219905
-79.4 0.14119632754751804
-79.2 0.14090875673314107
-79 0.13766346456420675
-78.8 0.1414365528105895
-78.6 0.1411012925399024
-78.4 0.14076676430710894
-78.2 0.14043298347561625
-78 0.14009996690520707
-77.8 0.13976773291122735
-77.6 0.13943630130595022
-77.4 0.13910569338036577
-77.2 0.1387759319007981
-77 0.138447041101857
-76.8 0.1381190466694368
-76.6 0.1377919757260059
-76.4 0.13746585681082132
-76.2 0.1371407198524533
-76 0.13681659614768046
-75.8 0.13649351832875067
-75.6 0.1361715203315419
-75.4 0.13585063736141056
-75.2 0.13553090585668018
-75 0.1352123634477398
-74.8 0.13489504891993734
-74.6 0.13457900216586913
-74.4 0.13426426414290374
-74.2 0.1339508768271878
-74 0.1336388831775118
-73.8 0.1333283270551012
-73.6 0.13301925321027516
-73.4 0.13271170721120762
-73.2 0.13240573539422934
-73 0.13210138481585415
-72.8 0.13179870319407416
-72.6 0.1314977388514189
-72.4 0.13119854066451442
-72.2 0.1309011580006763
-72 0.1306056406604277
-71.8 0.13031203881854458
-71.6 0.13002040295856765
-71.4 0.1297307838123517
-71.2 0.12944323229164903
-71 0.129157799423357
-70.8 0.12887453627765558
-70.6 0.1285934938990184
-70.4 0.12831472322903645
-70.2 0.12803827503454684
-70 0.12776419982733503
-69.8 0.12749254778351055
-69.6 0.12722336866040068
-69.4 0.1269567117134899
-69.2 0.1266926256099221
-69 0.1264311583355563
-68.8 0.1261723571092729
-68.6 0.12591626829068311
-68.4 0.1256629372862729
-68.2 0.12541240845437882
-68 0.1251647250164483
-67.8 0.12491992896864734
-67.6 0.12467806097744784
-67.4 0.12443916030605383
-67.2 0.12420326471336973
-67 0.12397041038682573
-66.8 0.1237406318513608
-66.6 0.1235139619177374
-66.4 0.12329043166048144
-66.2 0.12355959493238296
-66 0.1232888997230652
-65.8 0.12302118879205275
-65.6 0.12275648682506166
-65.4 0.12249481649972403
-65.2 0.12223619854828616
-65 0.12198065181240511
-64.8 0.12172819314687107
-64.6 0.12147883763923592
-64.4 0.12123259852438546
-64.2 0.11749242603991654
-64 0.1208981322369801
-63.8 0.12064812265541182
-63.6 0.12040134929045493
-63.4 0.12015781674680714
-63.2 0.11991752792338217
-63 0.1196804845228595
-62.8 0.11944668707537676
-62.6 0.11921613519542816
-62.4 0.11898882769999503
-62.2 0.11876476273075551
-62 0.1185439379335057
-61.8 0.11832635061164108
-61.6 0.1181119978851943
-61.4 0.11790087682751671
-61.2 0.1176929846477625
-61 0.11748831884503758
-60.8 0.11728687733073051
-60.6 0.11708865860497507
-60.4 0.11689366188946682
-60.2 0.11670188723626133
-60 0.11651333570124042
-59.8 0.11632800941487134
-59.6 0.11614591171410273
-59.4 0.11596704723670058
-59.2 0.11579142200540644
-59 0.11561904351266555
-58.8 0.11544992078096222
-58.6 0.11528406438202432
-58.4 0.11571808869477195
-58.2 0.1154700589555491
-58 0.11522454145735189
-57.8 0.11498155351382718
-57.6 0.11474111478216947
-57.4 0.11450324727697872
-57.2 0.11426797538941863
-57 0.11403532588059637
-56.8 0.11380532787851191
-56.6 0.11357801285612928
-56.4 0.11335391004477095
-56.2 0.11313156915353453
-56 0.11291251478205308
-55.8 0.11269629188632266
-55.6 0.11248294291919599
-55.4 0.11227251230052457
-55.2 0.1120650463007733
-55 0.1118605929063027
-54.8 0.11165920173326278
-54.6 0.11088851013884
-54.4 0.11199456696907473
-54.2 0.11158913607574017
-54 0.11118481561735781
-53.8 0.11078168783596001
-53.6 0.1103798394045289
-53.4 0.10997936160776438
-53.2 0.1095803502049703
-53 0.10918290533509922
-52.8 0.10878713138937758
-52.6 0.108393136844914
-52.4 0.10800103407435259
-52.2 0.10761093913382812
-52 0.10841179066889037
-51.8 0.11046271899057945
-51.6 0.10992428033682629
-51.4 0.10938856662081886
-51.2 0.10885569699733888
-51 0.10832579417657442
-50.8 0.1077989841256987
-50.6 0.10727539571787602
-50.4 0.10675516035129129
-50.2 0.10623841154529291
-50 0.1057252845411642
-49.8 0.10521591588325827
-49.6 0.10471044300478177
-49.4 0.10420900381702528
-49.2 0.1037117363080004
-49 0.10321877815779398
-48.8 0.10273026637604546
-48.6 0.10224633696637292
-48.4 0.10176712462273836
-48.2 0.10129276246525437
-48 0.10082338181744187
-47.8 0.100359112029402
-47.6 0.09990008035460163
-47.4 0.09944641187954337
-47.2 0.09899822951081481
-47 0.09855565402506282
-46.8 0.09811880418166985
-46.6 0.09768779690221081
-46.4 0.09726274751924947
-46.2 0.09684377009786369
-46 0.09643097783169073
-45.8 0.09602448351817824
-45.6 0.09562440011724814
-45.4 0.09523084139545089
-45.2 0.09484392266570249
-45 0.09446376162539619
-44.8 0.09409047930253102
-44.6 0.09372420111916548
-44.4 0.0933650580828577
-44.2 0.09301318811976017
-44 0.0926687375613779
-43.8 0.09233186280605535
-43.6 0.09200273216947603
-43.4 0.09168152794798902
-43.2 0.09136844871650067
-43 0.09106371188425308
-42.8 0.09076755653549075
-42.6 0.09048024657759275
-42.4 0.09020207422081195
-42.2 0.08993336380901845
-42 0.08967447601144048
-41.8 0.08942581237568387
-41.6 0.08918782022260648
-41.4 0.0889609978358315
-41.2 0.08874589986351801
-41 0.08854314279406615
-40.8 0.08835341029728576
-40.6 0.08817745813305089
-40.4 0.0880161182043842
-40.2 0.08787030117972375
-40 0.08774099692193382
-39.8 0.0876292717143956
-39.6 0.08753626099164599
-39.4 0.08746315592443325
-39.2 0.0874111817985764
-39 0.08738156567931082
-38.8 0.08737549047396467
-38.6 0.08739403237190202
-38.4 0.08739322986724414
-38.2 0.08686240627429259
-38 0.08633291184533401
-37.8 0.08580779529729021
-37.6 0.08529050013108423
-37.4 0.08478469423238263
-37.2 0.08429404077534913
-37 0.08382193960730312
-36.8 0.08337128097333683
-36.6 0.08294425454812696
-36.4 0.0825422445131938
-36.2 0.08216582036862552
-36 0.08181481163027808
-35.8 0.08148843997338684
-35.6 0.08118547784956695
-35.4 0.0809044066171318
-35.2 0.08064355575212181
-35 0.08040121392023915
-34.8 0.0801757099904963
-34.6 0.07996546679144205
-34.4 0.07976903253620686
-34.2 0.0795850954803887
-34 0.07941248680177684
-33.8 0.07925017582255613
-33.6 0.07909726067661221
-33.4 0.07895295667541473
-33.2 0.07881658383868838
-33 0.07868755456660742
-32.8 0.07856536201566407
-32.6 0.07844956946073275
-32.4 0.07833980077606044
-32.2 0.07823573203627851
-32 0.07740544468144575
-31.8 0.07872301913059586
-31.6 0.07851539953319343
-31.4 0.07831133729960915
-31.2 0.07811069192297103
-31 0.0779133462746374
-30.8 0.0777192037702005
-30.6 0.0775281859588867
-30.4 0.07734023045035265
-30.2 0.077155289165774
-30 0.07697332680850699
-29.8 0.0767943195849714
-29.6 0.07661825405395425
-29.4 0.07644512617262819
-29.2 0.07627494046218937
-29 0.07610770922263753
-28.8 0.07594345189856354
-28.6 0.07578219452635129
-28.4 0.07562396916427619
-28.2 0.07546881355414178
-28 0.075316770466156
-27.8 0.07516788758348902
-27.6 0.07129706703093579
-27.4 0.07115206669053058
-27.2 0.0747332209276172
-27 0.0745932911135991
-26.8 0.07445683069524535
-26.6 0.07432391030907762
-26.4 0.07419460412269073
-26.2 0.07406898950153216
-26 0.07394714687044657
-25.8 0.07382915982225703
-25.6 0.07371511508274968
-25.4 0.0736051026527022
-25.2 0.07349921594252277
-25 0.07339755193827839
-24.8 0.07330021145592025
-24.6 0.07320729944690792
-24.4 0.07311892535083589
-24.2 0.07303520353006746
-24 0.07295625372757861
-23.8 0.0728822016139723
-23.6 0.07281317935882452
-23.4 0.07274932626387279
-23.2 0.07269078939535636
-23 0.07263772424177291
-22.8 0.07259029530671411
-22.6 0.0725486766556622
-22.4 0.07251305226465371
-22.2 0.07248361616228581
-22 0.07246057217277214
-21.8 0.07244413311957036
-21.6 0.07243451926523746
-21.4 0.07243195567676348
-21.2 0.07243666816023367
-21 0.07244887727624688
-20.8 0.07246878985124046
-20.6 0.07249658726314841
-20.4 0.07253240965229434
-20.2 0.07257633508140937
-20 0.07262835255337487
-19.8 0.07268832777690025
-19.6 0.07275596059399664
-19.4 0.07283073321149061
-19.2 0.07291184880463708
-19 0.07299816083050126
-18.8 0.07308809455147716
-18.6 0.07317956397979908
-18.4 0.07326988968224621
-18.2 0.07335572569050727
-18 0.07343300703320578
-17.8 0.07349693334802239
-17.6 0.07354200952396364
-17.4 0.07356217324503726
-17.2 0.0735510524091019
-17 0.07350240520650497
-16.8 0.07341077699313847
-16.6 0.07327232696836823
-16.4 0.07308564233831964
-16.2 0.07285227112611904
-16 0.07257679360053593
-15.8 0.07226648523175265
-15.6 0.07193079734709389
-15.4 0.07158085121787557
-15.2 0.07122896128429176
-15 0.07088801537230359
-14.8 0.07057045478432038
-14.6 0.07028670217730701
-14.4 0.0763282181898616
-14.2 0.07510320620345305
-14 0.07391684302724921
-13.8 0.0727945988806596
-13.6 0.07175340342863079
-13.4 0.07080149336989605
-13.2 0.06994020463390838
-13 0.06916643385722902
-12.8 0.06847479705591676
-12.6 0.06785910266671512
-12.4 0.06731317390722749
-12.2 0.06683121518103803
-12 0.06640791713477766
-11.8 0.06603843870763508
-11.6 0.06571834718061842
-11.4 0.06544355621614295
-11.2 0.06521027735934107
-11 0.06501498774651446
-10.8 0.06485441123378773
-10.6 0.06472550853277581
-10.4 0.06462547218820751
-10.2 0.06455172319723343
-10 0.06450190716587181
-9.8 0.06447388883587954
-9.6 0.06446574452455958
-9.4 0.06447575248113448
-9.2 0.06450238143242273
-9 0.06454427770615902
-8.8 0.06460025134147335
-8.6 0.06466926155580399
-8.4 0.06475040186584954
-8.2 0.06484288509405628
-8 0.06494602841747837
-7.8 0.06505923856269977
-7.6 0.06525907461598128
-7.4 0.06508853828997332
-7.2 0.06491996182245573
-7 0.06475334827168881
-6.8 0.06458879898824363
-6.6 0.06442650249491012
-6.4 0.06426672226739451
-6.2 0.06410978342492081
-6 0.06395605846737082
-5.8 0.06380595232283165
-5.6 0.06365988708879375
-5.4 0.06351828693891523
-5.2 0.06338156372054204
-5 0.06325010377102057
-4.8 0.06312425643330478
-4.6 0.06300432466172885
-4.4 0.06289055798022522
-4.2 0.06278314791101453
-4 0.06268222584383297
-3.8 0.06258786318020335
-3.6 0.06250007347908924
-3.4 0.06241881625429082
-3.2 0.06234400203427009
-3 0.062275498287950364
-2.8 0.0622131358434869
-2.6 0.06215671546766558
-2.4 0.06210601433025085
-2.2 0.06206079213811778
-2 0.06202079678376791
-1.8 0.061985769409141675
-1.6 0.061955448832463136
-1.4 0.06192957532553031
-1.2 0.06190789375794464
-1 0.06189015614636718
-0.8 0.06187612366053697
-0.6 0.06186556814542019
-0.4 0.061858273221614586
-0.2 0.06185403502590802
0 0.0618526626493685
0.2 0.06185397832690581
0.4 0.061857817425195145
0.6 0.06186402827009347
0.8 0.06187247184740744
1 0.06188302140540985
1.2 0.061895561979573056
1.4 0.0619099898549018
1.6 0.061926211973026495
1.8 0.061944145285038076
2 0.06196371604136322
2.2 0.061984858999709264
2.4 0.06200751651690853
2.6 0.062031637470043664
2.8 0.06205717592060465
3 0.06208408938740753
3.2 0.06211233651585699
3.4 0.06214187380224383
3.6 0.062172650809493885
3.8 0.0622046029151686
4 0.06223763989704507
4.2 0.06227162722887057
4.4 0.06230635401005868
4.6 0.06234147497083489
4.8 0.06237639857178111
5 0.06241005274856996
5.2 0.06244033960932781
5.4 0.062462669795792077
5.6 0.06246513219678773
5.8 0.062407409228743625
6 0.06252447805316429
6.2 0.06348434248434405
6.4 0.06315102447761783
6.6 0.06311641415196
6.8 0.0631417853343828
7 0.0631912350753867
7.2 0.06325445948725218
7.4 0.06332760439215376
7.6 0.06340907977314963
7.8 0.06349827754301438
8 0.06359508956551575
8.2 0.063699699868054
8.4 0.06381248594236921
8.6 0.0639339682799165
8.8 0.06406478271798759
9 0.06420566373658429
9.2 0.06435743251416468
9.4 0.06452098606419247
9.6 0.06469728493866071
9.8 0.06488733755798341
10 0.06509217957529466
10.2 0.0653128470171563
10.4 0.06555034240492771
10.6 0.06580559375557987
10.8 0.06607940734840707
11 0.06637241641428702
11.2 0.06668502934069838
11.4 0.06701738234991489
11.6 0.06736930253855668
11.8 0.06774028726396875
12 0.06812950480785421
12.2 0.06853581896739691
12.4 0.06895783700868545
12.6 0.06939397690859452
12.8 0.06984254684192816
13 0.07030182818412094
13.2 0.07077015327278206
13.4 0.07124597071258086
13.6 0.0717278935797809
13.8 0.07176926803920694
14 0.07183757766064902
14.2 0.07192598826720681
14.4 0.0720340381660013
14.6 0.07216120734252186
14.8 0.07230693456636798
15 0.07247062882500509
15.2 0.07265167618194004
15.4 0.07284944317966387
15.6 0.07306327784442965
15.8 0.0732925091962696
16 0.0735364459892899
16.2 0.07379437524199065
16.4 0.07406556096357401
16.6 0.07434924336186824
16.8 0.07464463871734661
17 0.07495094002921195
17.2 0.07526731847692518
17.4 0.07559292569551761
17.6 0.07592689682311383
17.8 0.07626835425562577
18 0.07661641201806423
18.2 0.07697018065047241
18.4 0.07732877249110338
18.6 0.07769130723397322
18.8 0.07805691762874438
19 0.07842475518805538
19.2 0.07879399577167397
19.4 0.07916384491095783
19.6 0.07953354275456254
19.8 0.079902368521831
20 0.08026964436787122
20.2 0.08063473857663814
20.4 0.07751365241600057
20.6 0.07768881971140934
20.8 0.07786547334211381
21 0.07804306483170852
21.2 0.07822108036348159
21.4 0.07839904301201596
21.6 0.07821073075769557
21.8 0.07814525015531874
22 0.07808390213504433
22.2 0.07802642821960903
22.4 0.07797258070337167
22.6 0.07792212384686178
22.8 0.07787483483889424
23 0.07783050434840777
23.2 0.07778893686862291
23.4 0.07774995082724587
23.6 0.07771337847248766
23.8 0.07767906560330586
24 0.07764687115326761
24.2 0.07761666666999782
24.4 0.07758833570793951
24.6 0.07756177316148137
24.8 0.07753688455667705
25 0.07751358532495708
25.2 0.0774918000643021
25.4 0.07747146180896868
25.6 0.07745251131087959
25.8 0.07743489634800414
26 0.07741857105517062
26.2 0.07740349529487976
26.4 0.07738963405774561
26.6 0.07737695690516357
26.8 0.07736543744993075
27 0.07735505287395113
27.2 0.07734578348749299
27.4 0.07733761232544108
27.6 0.07733052477779734
27.8 0.07732450825484546
28 0.07731955188929657
28.2 0.0773156462643633
28.4 0.07731278317342112
28.6 0.07731095540551461
28.8 0.07731015655404999
29 0.07731038085202273
29.2 0.07731162302359963
29.4 0.07731387815571822
29.6 0.07731714159169004
29.8 0.07732140883093945
30 0.07732667545103133
30.2 0.07733293703573156
30.4 0.0773401891247986
30.6 0.07734842715462549
30.8 0.07735764642707058
31 0.07736784207712684
31.2 0.07737900904668504
31.4 0.07739114206625092
31.6 0.07740423564331028
31.8 0.07741828405140876
32 0.07743328132019948
32.2 0.07744922124872951
32.4 0.07746609738893565
32.6 0.07748390306768492
32.8 0.07750263137212353
33 0.07752227517538177
33.2 0.07754282713592464
33.4 0.0775642797136569
33.6 0.07758662517090822
33.8 0.07760985560340379
34 0.07763396293555298
34.2 0.077658938939417
34.4 0.07768477525123546
34.6 0.07771146338818619
34.8 0.07773899474536428
35 0.07776736064315963
35.2 0.07779655229858976
35.4 0.07782656087852353
35.6 0.07785737749685029
35.8 0.07788899321016911
36 0.07792139907720068
36.2 0.07795458612384187
36.4 0.0779885453811772
36.6 0.0780232678951452
36.8 0.07805874476638731
37 0.07809496707575822
37.2 0.07813192598504214
37.4 0.07816961272177377
37.6 0.07820801859402049
37.8 0.07824713495086218
38 0.07828695327884351
38.2 0.07832746523634948
38.4 0.07836866241298224
38.6 0.07469633129577091
38.8 0.07473782260020458
39 0.07477997840453106
39.2 0.07853414705456291
39.4 0.0785762900262686
39.6 0.07861907414549676
39.8 0.07866249193535782
40 0.07870653624631022
40.2 0.07875119975162138
40.4 0.07879647580314282
40.6 0.07884235762700922
40.8 0.07517821239338666
41 0.07522416101089388
41.2 0.0752706989708174
41.4 0.07531782011110767
41.6 0.0753655184711525
41.8 0.07541378820914584
42 0.0791699025025142
42.2 0.07921787712863841
42.4 0.07926640641677304
42.6 0.07931548539557438
42.8 0.07936510883948023
43 0.07941527201826086
43.2 0.07946597018207216
43.4 0.07951719882618748
43.6 0.07956895351384084
43.8 0.07962122994672151
44 0.07967402398916143
44.2 0.07972733168849158
44.4 0.07978114911913155
44.6 0.07983547259030156
44.8 0.07989029841695205
45 0.07994562311476179
45.2 0.08000144330106054
45.4 0.08005775567624883
45.6 0.08011455703580299
45.8 0.08017184431023618
46 0.08022961452592038
46.2 0.0802878647620997
46.4 0.08034659222094735
46.6 0.08040579418186845
46.8 0.08046546799020973
47 0.08052561106136824
47.2 0.08058622091778375
47.4 0.08064729511014625
47.6 0.08070883128010603
47.8 0.08077082711765843
48 0.0808332803639334
48.2 0.08089618882310681
48.4 0.08095955034259958
48.6 0.08102336282119076
48.8 0.0810876241911525
49 0.08115233243672841
49.2 0.08121748557207395
49.4 0.08128308163625841
49.6 0.0813491187182152
49.8 0.08141559491809487
50 0.08148250837247069
50.2 0.08154985723430153
50.4 0.08161763967424426
50.6 0.08168585389065172
50.8 0.08175449808682436
51 0.08182357048834248
51.2 0.08189306932770449
51.4 0.08196299284448202
51.6 0.08203333928956506
51.8 0.08210410691703392
52 0.08217529398608618
52.2 0.08224689875536542
52.4 0.08231891948802549
52.6 0.0823913544452907
52.8 0.08246420188039356
53 0.08253746004967316
53.2 0.08261112720170499
53.4 0.08268520157630646
53.6 0.08275968140830794
53.8 0.0828345649237835
54 0.08290985033607637
54.2 0.08298553585660995
54.4 0.08306161967246938
54.6 0.08313809996849551
54.8 0.08321497491012184
55 0.08329224265215572
55.2 0.08336990133587602
55.4 0.08344794908215321
55.6 0.08352638400260659
55.8 0.08360520418658536
56 0.08368440771032981
56.2 0.08376399263286323
56.4 0.08384395699332749
56.6 0.08392429881310597
56.8 0.08400501610014227
57 0.08408610683639337
57.2 0.084167568992228
57.4 0.08424940051546762
57.6 0.0843315993354515
57.8 0.08441416336249517
58 0.08449709049110356
58.2 0.08458037859130203
58.4 0.08466402551672306
58.6 0.08474802910497005
58.8 0.08483238717047763
59 0.08491709751352174
59.2 0.08500215791052569
59.4 0.08508756612431546
59.6 0.08517331989823083
59.8 0.08525941695667782
60 0.085345855009213
60.2 0.08543263174654527
60.4 0.08551974484278871
60.6 0.08560719195527686
60.8 0.08569497072733598
61 0.08578307878517416
61.2 0.08587151374006839
61.4 0.0859602731891869
61.6 0.0860493547150017
61.8 0.08613875588808186
62 0.08622847426345279
62.2 0.08631850738486599
62.4 0.08640885278445032
62.6 0.08649950798356566
62.8 0.08659047048980688
63 0.08668173780435875
63.2 0.08677330741790867
63.4 0.08686517681195714
63.6 0.0869573434579505
63.8 0.08704980482398085
64 0.08714255836670388
64.2 0.08723560154487725
64.4 0.08732893178420002
64.6 0.08742254655602016
64.8 0.08751644327196031
65 0.08761061935933992
65.2 0.08770507208717235
65.4 0.08706022076286042
65.6 0.087829872196734
65.8 0.08788388274677153
66 0.08793829103707157
66.2 0.08799309527902571
66.4 0.08804829361711979
66.6 0.08810388418104984
66.8 0.08815986510045597
67 0.08821623445462312
67.2 0.08827299033235242
67.4 0.08833013079095
67.6 0.0883876538740862
67.8 0.08844555761734135
68 0.08850384003830587
68.2 0.08856249913514934
68.4 0.08862153290230311
68.6 0.08868093932211478
68.8 0.0887407163596026
69 0.08880086197621631
69.2 0.08886137412390746
69.4 0.08892225074157811
69.6 0.08898348976508287
69.8 0.0890450891220953
70 0.08910704673537784
70.2 0.08916936052007578
70.4 0.08923202839047598
70.6 0.08929504825254722
70.8 0.08935841801337756
71 0.08942213557619172
71.2 0.08948619884285365
71.4 0.08955060571482208
71.6 0.0896153540904989
71.8 0.08968044187418321
72 0.08974586696591141
72.2 0.0898116272705696
72.4 0.08987772069171912
72.6 0.0899441451417954
72.8 0.09001089852984852
73 0.09007797877994579
73.2 0.09014818171184498
73.4 0.09021311153459614
73.6 0.0902811599038748
73.8 0.0903495268419796
74 0.09041821030018007
74.2 0.09048720822770305
74.4 0.0905565185836428
74.6 0.09062613933522093
74.8 0.0906960684572614
75 0.09076630393320255
75.2 0.09083684375501626
75.4 0.09090768592608826
75.6 0.09097882845665081
75.8 0.09105026936896235
76 0.09112200669514432
76.2 0.09119403847660283
76.4 0.09126636276818263
76.6 0.09133897763282392
76.8 0.09141188114738365
77 0.09148507139822926
77.2 0.09155854648529192
77.4 0.09163230451803
77.6 0.09170634362082421
77.8 0.09178066192770057
78 0.09185525758712561
78.2 0.09193012875830561
78.4 0.09200527361448985
78.6 0.09208069034053148
78.8 0.09215637713492741
79 0.0922323322084542
79.2 0.0923085537848365
79.4 0.09238504010069339
79.6 0.09246178940647343
79.8 0.09253879996394998
80 0.09261607005000598
80.2 0.09269359795265449
80.4 0.09277138197382616
80.6 0.0928494204283626
80.8 0.09292771164350887
81 0.09300625396048283
81.2 0.09308504573218493
81.4 0.09316408532428627
81.6 0.0932433711167206
81.8 0.09332290150017708
82 0.09340267487843781
82.2 0.09348268966827603
82.4 0.09356294429823961
82.6 0.09364343720936485
82.8 0.09372416685442314
83 0.09380513169866884
83.2 0.09388633021887645
83.4 0.0939677609036702
83.6 0.09404942225283835
83.8 0.09413131277810022
84 0.09421343100239009
84.2 0.09429577545976432
84.4 0.09437834469466298
84.6 0.09446113726360854
84.8 0.09454415173222135
85 0.09462738667742773
85.2 0.09471084068693066
85.4 0.0947945123571954
85.6 0.09487840029611028
85.8 0.09496250312030377
86 0.09504681945665037
86.2 0.09513134794056122
86.4 0.09521608721774842
86.6 0.09530103594240008
86.8 0.09538619277796692
87 0.09547155639545608
87.2 0.095557125475559
87.4 0.09564289870714465
87.6 0.09572887478639172
87.8 0.09581505241832287
88 0.09590143031543649
88.2 0.09598800719728463
88.4 0.09607478179155302
88.6 0.096161752832407
88.8 0.09624891906163284
89 0.0963362792274732
89.2 0.09642383208506977
89.4 0.09651157639595902
89.6 0.09659951092781321
89.8 0.09668763445444448
90 0.09677594575618192
90.2 0.09686444361790736
90.4 0.0969531268318028
90.6 0.09704199419389391
90.8 0.09713104450645962
91 0.09722027657672538
91.2 0.09730968921644859
91.4 0.09739928124285709
91.6 0.09748905147741702
91.8 0.09757899874610527
92 0.09766912187931313
92.2 0.09775941971210501
92.4 0.09784989108260077
92.6 0.09794053483374404
92.8 0.09803134981181759
93 0.09812233486722109
93.2 0.09821348885322875
93.4 0.09830481062740816
93.6 0.09839629904977591
93.8 0.09848795298370094
94 0.09857977129601701
94.2 0.09867175285613065
94.4 0.09876389653642854
94.6 0.0988562012119748
94.8 0.09894866576061272
95 0.0990412890623721
95.2 0.09913406999983922
95.4 0.09922700745830684
95.6 0.09932010032481062
95.8 0.09941334748877405
96 0.09950674784153944
96.2 0.0996003002768305
96.4 0.09969400368984958
96.6 0.09978785697814456
96.8 0.09988185904031904
97 0.0999760087774181
97.2 0.10007030509201338
97.4 0.10016474688763971
97.6 0.10025933307017498
97.8 0.10035406254654979
98 0.10044893422556246
98.2 0.10054394701656932
98.4 0.10063909983088418
98.6 0.10073439158142339
98.8 0.10082982118142218
99 0.10092538754646253
99.2 0.10102108959219554
99.4 0.10111692623643015
99.6 0.1012128963975667
99.8 0.10130899899530714
100 0.10140523295029542
100.2 0.10150159718457828
100.4 0.1015980906209338
100.6 0.10169471218322487
100.8 0.10179146079685365
101 0.10188833538764494
101.2 0.1019853348827177
101.4 0.10208245821018232
101.6 0.10217970429935128
101.8 0.10227707208024374
102 0.10237456048409149
102.2 0.10247216844308357
102.4 0.10256989489114061
102.6 0.10266773876192609
102.8 0.1027656989912538
103 0.10286377451548698
103.2 0.10296196427248336
103.4 0.10306026720107687
103.6 0.10315868224074158
103.8 0.10325720833307553
104 0.10335584441988531
104.2 0.10345458944494908
104.4 0.10355344235290377
104.6 0.10365240208977063
104.8 0.10375146760266268
105 0.10385063784003878
105.2 0.10394991175218801
105.4 0.10404928829041069
105.6 0.10414876640730365
105.8 0.1042483450572115
106 0.10434802319555277
106.2 0.10444779977989577
106.4 0.10454767376896576
106.6 0.1046476441231535
106.8 0.10474770980432652
107 0.10484786977695414
107.2 0.10494812300597385
107.4 0.10504846845824357
107.6 0.10514890510408978
107.8 0.10524943191335222
108 0.10535004785955014
108.2 0.10545075191765219
108.4 0.10555154306473052
108.6 0.1056524202809376
108.8 0.10575338253999893
109 0.10585442883549885
109.2 0.10595555808988451
109.4 0.10700032017713951
109.6 0.10632283858722753
109.8 0.10639423194985145
110 0.10646576627116047
110.2 0.10653744087379927
110.4 0.10660925504737637
110.6 0.10668120810734472
110.8 0.10675329935250161
111 0.1068255280857982
111.2 0.10689789360088439
111.4 0.10697039519974623
111.6 0.10704303217091883
111.8 0.10711580380733615
112 0.10718870939080952
112.2 0.10726174821388196
112.4 0.10733491958323843
112.6 0.10740822274621323
112.8 0.10748165704940724
113 0.10849240036352384
113.2 0.10773006956074141
113.4 0.10777226098691817
113.6 0.1078146501281233
113.8 0.10785723682733661
114 0.10790002068659711
114.2 0.10794300134409476
114.4 0.10798617844625841
114.6 0.10802955159263686
114.8 0.10807312039276258
115 0.10811688443914977
115.2 0.10816084332863468
115.4 0.10820499664334585
115.6 0.10824934395617582
115.8 0.10829388483434958
116 0.10833861883883646
116.2 0.1083835455199635
116.4 0.1084286644254588
116.6 0.1084739750897866
116.8 0.10851947704424386
117 0.10856516981103859
117.2 0.10861105290537922
117.4 0.10865712583740689
117.6 0.10870338810890214
117.8 0.10874983921293217
118 0.10879647864010583
118.2 0.10884330587175454
118.4 0.10889032038060098
118.6 0.10893752163709941
118.8 0.10898490910381238
119 0.10903248223661792
119.2 0.10908024048524219
119.4 0.10912818329337585
119.6 0.10917631009964261
119.8 0.10922462033540468
120 0.10927311342686839
120.2 0.1093217887957746
120.4 0.10937064585587432
120.6 0.10941968401785399
120.8 0.10946890268584436
121 0.10951830125783583
121.2 0.10956787912816261
121.4 0.10961763568610279
121.6 0.10966757031525798
121.8 0.10971768239348133
122 0.10976797129520748
122.2 0.10981843639143818
122.4 0.10986907704148881
122.6 0.10991989261614662
122.8 0.10997088246164126
123 0.11002204593318111
123.2 0.11007338237680236
123.4 0.1101248911371711
123.6 0.11017657155302409
123.8 0.11022842295933834
124 0.11028044468691969
124.2 0.1103326360660406
124.4 0.11038499641790019
124.6 0.11043752506349125
124.8 0.11049022132247081
125 0.11054308450471338
125.2 0.1105998021432129
125.4 0.11064930888291442
125.6 0.11070266869153961
125.8 0.11075619264697888
126 0.1108098800476885
126.2 0.11086373019033784
126.4 0.11091774236604901
126.6 0.11097191586589783
126.8 0.11102624997707376
127 0.11108074398441592
127.2 0.11113539716997717
127.4 0.11119020881418894
127.6 0.11124517819411874
127.8 0.11130030458719041
128 0.1113555872659074
128.2 0.11141102550235363
128.4 0.11146661856620234
128.6 0.11152236572502666
128.8 0.1115782662462226
129 0.11163431939336291
129.2 0.11169052442869085
129.4 0.11174688061661203
129.6 0.11180338721339435
129.8 0.11186004348021913
130 0.11191684867278838
130.2 0.11197380204885153
130.4 0.11203090286333495
130.6 0.11208815036856914
130.8 0.11214554381982637
131 0.11220308246595714
131.2 0.11226076556012063
131.4 0.11231859235672784
131.6 0.11237656209640196
131.8 0.11243467403369763
132 0.1124929274168516
132.2 0.11255132149504622
132.4 0.11260985550952037
132.6 0.11266852870663016
132.8 0.11272734033495417
133 0.11278628968044686
133.2 0.11284537591501187
133.4 0.1129045983132318
133.6 0.11296395623054903
133.8 0.11389611952099606
134 0.11229994278193277
134.2 0.11311503935919529
134.4 0.11315379731296983
134.6 0.11319272298811277
134.8 0.11323181578309953
135 0.11327107499374059
135.2 0.11331050004635602
135.4 0.11335009020033639
135.6 0.11338984483168701
135.8 0.11342976324832388
136 0.11346984478076194
136.2 0.11351008876658251
136.4 0.11355049452677911
136.6 0.11359106138805597
136.8 0.113631788674974
137 0.11367267572273339
137.2 0.11371372184589752
137.4 0.11375492637225026
137.6 0.11379628861878006
137.8 0.11383780791955139
138 0.11387948359120938
138.2 0.11392131495315433
138.4 0.11396330133246668
138.6 0.11400544204935918
138.8 0.11404773642094766
139 0.11409018377345245
139.2 0.1141327834261093
139.4 0.11417553469850097
139.6 0.11421843691355003
139.8 0.11426148938621616
140 0.11430469144466408
140.2 0.11434804240541173
140.4 0.11439154158946042
140.6 0.11443518831739945
140.8 0.11447898191252463
141 0.1145229216915844
141.2 0.1145670069804656
141.4 0.11461123709898452
141.6 0.11465561136974667
141.8 0.11470012911497658
142 0.11474478965603827
142.2 0.11478959231861716
142.4 0.11483453642424582
142.6 0.11487962129872809
142.8 0.11492484626489285
143 0.1149702106500019
143.2 0.11501571377858084
143.4 0.11506135497619802
143.6 0.11510713357203756
143.8 0.11515304889302343
144 0.11519910026763626
144.2 0.11524528702341072
144.4 0.1152916084923384
144.6 0.11533806400463135
144.8 0.11538465289111982
145 0.11543137448618523
145.2 0.11547822811980996
145.4 0.1155252131292051
145.6 0.11557232884801626
145.8 0.11561957461291088
146 0.11566694976096656
146.2 0.11571445362908787
146.4 0.11576208555667261
146.6 0.1158098448850999
146.8 0.11585773095394672
147 0.11590574310742448
147.2 0.11595388068657086
147.4 0.11600214303720932
147.6 0.11605052950485821
147.8 0.11609903943596755
148 0.11614767217990926
148.2 0.11619642708293562
148.4 0.11624530349752338
148.6 0.11629430077593939
148.8 0.11634341827010769
149 0.11639265533472525
149.2 0.116442011324879
149.4 0.1164914856004171
149.6 0.11654107751382377
149.8 0.11659078642956293
150 0.11664061170514525
150.2 0.1166905527070146
150.4 0.11674060878965349
150.6 0.11678638863761434
150.8 0.1168447373405553
151 0.11689146124282196
151.2 0.1169419713460639
151.4 0.11699259338052084
151.6 0.11704332671247417
151.8 0.11709417072048225
152 0.11714512477804512
152.2 0.11719618825890898
152.4 0.11724736054920849
152.6 0.11729864102219782
152.8 0.1173500290633514
153 0.11740152405225793
153.2 0.11745312537961575
153.4 0.11750483242685827
153.6 0.1175566445788525
153.8 0.1176085612370219
154 0.11766058178038834
154.2 0.11771270561477196
154.4 0.11776493211244161
154.6 0.11781726069006145
154.8 0.11786969074735314
155 0.11792222165796402
155.2 0.11797485284870857
155.4 0.11802758372300352
155.6 0.11808041365404424
155.8 0.11813334208210104
156 0.11818636840725408
156.2 0.118239492098288
156.4 0.1182927124071244
156.6 0.11834602885914873
156.8 0.11839944074782295
157 0.1184529482433166
157.2 0.11939532858875584
157.4 0.11779486358073601
157.6 0.11862402082459937
157.8 0.11865932027371329
158 0.11869473990362502
158.2 0.11873027972618462
158.4 0.11876593905953663
158.6 0.11880171737589681
158.8 0.118837614208134
159 0.1188736289820358
159.2 0.118909761214605
159.4 0.11894601039213902
159.6 0.11898237599075216
159.8 0.11901885751807206
160 0.11905545445178269
160.2 0.11909216628342693
160.4 0.11912899251642613
160.6 0.11916593262978985
160.8 0.1192029861296566
161 0.1192401524989799
161.2 0.11927743124098861
161.4 0.1193148218572129
161.6 0.11935232383805548
161.8 0.11938993668325992
162 0.11942765989973342
162.2 0.11946549298006379
162.4 0.11950343543413432
162.6 0.11954148675871107
162.8 0.11957964646545197
163 0.11961791405112471
163.2 0.11965628903202344
163.4 0.11969477090644338
163.6 0.11973335918670698
163.8 0.11977205338472367
164 0.11981085301095312
164.2 0.11984975757214548
164.4 0.11988876658845672
164.6 0.11992787956886126
164.8 0.11996709603116996
165 0.12000641549223055
165.2 0.12004583746838457
165.4 0.12008536147767906
165.6 0.12012498704028836
165.8 0.12016471367870481
166 0.12020454091363024
166.2 0.1202444682709974
166.4 0.12028449527289044
166.6 0.12032462144582425
166.8 0.12036484631719492
167 0.12040516941319933
167.2 0.12044559026413751
167.4 0.12048610840332337
167.6 0.12052672336005536
167.8 0.120567434668488
168 0.12060824186064956
168.2 0.12064914447540794
168.4 0.12069014204475896
168.6 0.1207312341129447
168.8 0.12077242021500563
169 0.12081369989238759
169.2 0.12085507268744267
169.4 0.12089653814471915
169.6 0.12093809580491409
169.8 0.12097974521693754
170 0.12102148592710642
170.2 0.12106331748204426
170.4 0.12110523943487632
170.6 0.12114725133333704
170.8 0.12118935273158925
171 0.12123154318218252
171.2 0.12127382224109579
171.4 0.12131618946486714
171.6 0.12135864441125488
171.8 0.12140118663908382
172 0.12144381570667769
172.2 0.12148653117798017
172.4 0.12152933261759369
172.6 0.12157221958691952
172.8 0.1216151916545951
173 0.12165824838736282
173.2 0.1217013893523372
173.4 0.12174461412315914
173.6 0.12178792226723087
173.8 0.12183131336001506
174 0.12187478697662109
174.2 0.1219183426936375
174.4 0.12196198008436407
174.6 0.12200569873130164
174.8 0.12204949821369585
175 0.12209337811499942
175.2 0.12213733801495945
175.4 0.12218137749679414
175.6 0.12222549615606074
175.8 0.1222696935713595
176 0.1223139693368187
176.2 0.12235832303849083
176.4 0.12240275426932783
176.6 0.12244726262807173
176.8 0.12248919322312748
177 0.12254089381337373
177.2 0.12258124641317153
177.4 0.12262605923541134
177.6 0.12267094717359618
177.8 0.12271590983089872
178 0.1227609468093868
178.2 0.12280605771988326
178.4 0.12285124216212104
178.6 0.12289649975516401
178.8 0.12294183010068714
179 0.12298723281483993
179.2 0.1230327075094672
179.4 0.12307825380213422
179.6 0.1231238713080976
179.8 0.12316955964624586
180 0.12321531843689744
180.2 0.12326114730113567
180.4 0.12330704586285975
180.6 0.1233530137474234
180.8 0.12339905057899361
181 0.12344515598870662
181.2 0.12349132960513316
181.4 0.1235375710584437
181.6 0.12358387998253399
181.8 0.12363025601168132
182 0.12367669878342656
182.2 0.12372320793288179
182.4 0.12376978310233021
182.6 0.1238164239316547
182.8 0.12386313006344402
183 0.12390990114278737
183.2 0.12395673681519014
183.4 0.12400363672889647
183.6 0.12405060053307836
183.8 0.1240976278790248
184 0.12414471841947876
184.2 0.12419187180845676
184.4 0.12423908770249988
184.6 0.12428636575908267
184.8 0.12433370563799119
185 0.1243811070001654
185.2 0.12442856950863522
185.4 0.12447609282739532
185.6 0.12452367662316687
185.8 0.12457132056348846
186 0.12461902431838294
186.2 0.1246667875585613
186.4 0.12471460995733019
186.6 0.1247624911892792
186.8 0.12481043093073148
187 0.12485842885984048
187.2 0.12490648465669739
187.4 0.12495459800203501
187.6 0.12500276857942177
187.8 0.12505099607385117
188 0.1250992801720605
188.2 0.12514762056177836
188.4 0.12519601693349797
188.6 0.12524446897878347
188.8 0.12529297639113546
189 0.12534153886548507
189.2 0.12539015609915222
189.4 0.1254388277903065
189.6 0.12548755363924227
189.8 0.12553633334812836
190 0.12558516662069477
190.2 0.1256340531620387
190.4 0.12568299267967772
190.6 0.12573198488239304
190.8 0.12578102948051226
191 0.1258301261863926
191.2 0.12587927471413624
191.4 0.12592847477950792
191.6 0.1259777260994023
191.8 0.12602702839366653
192 0.12607638138247848
192.2 0.12612578478869443
192.4 0.12617523833639252
192.6 0.1262247417514246
192.8 0.12627429476147867
193 0.12632389709617117
193.2 0.12637354848626914
193.4 0.12642324866447838
193.6 0.12647299736504794
193.8 0.12652279432424463
194 0.12657263928006104
194.2 0.12662253197149823
194.4 0.12667247214002103
194.6 0.1267224595289188
194.8 0.12677249388177328
195 0.1268225749455749
195.2 0.12687270246784788
195.4 0.1269228761982262
195.6 0.12697309588775818
195.8 0.12702336128967595
196 0.1270736721580892
196.2 0.12712402824976926
196.4 0.12717442932205814
196.6 0.1272248751346268
196.8 0.12727536544877818
197 0.12732590002720928
197.2 0.1273764786343798
197.4 0.1274271010364817
197.6 0.12747776700100658
197.8 0.12752847629749126
198 0.12757922869697153
198.2 0.1276300239717667
198.4 0.12768086189641104
198.6 0.12773174224649514
198.8 0.12778266479939485
199 0.1278336293344436
199.2 0.1278846356320144
199.4 0.1279356834743764
199.6 0.1279867726454918
199.8 0.1280379029304639
