-200 0.2508040265775902
-199.8 0.25077420572730996
-199.6 0.2507443299393494
-199.4 0.2507143990620842
-199.2 0.2506844129433313
-199 0.2506543714303491
-198.8 0.25062427436983364
-198.6 0.2505941216079151
-198.4 0.2505639129901572
-198.2 0.2505336483615525
-198 0.25050332756652166
-197.8 0.2504729504489098
-197.6 0.25044251685198327
-197.4 0.2504120266184283
-197.2 0.25038147959034773
-197 0.2503508756092578
-196.8 0.250320214516086
-196.6 0.2502894961511689
-196.4 0.2502587203542483
-196.2 0.2502278869644682
-196 0.2501969958203738
-195.8 0.2501660467599072
-195.6 0.2501350396204051
-195.4 0.25010397423859637
-195.2 0.2500728504505973
-195 0.2500416680919121
-194.8 0.25001042699742676
-194.6 0.2499791270014083
-194.4 0.24994776793750037
-194.2 0.24991634963872186
-194 0.2498848719374625
-193.8 0.24985333466548118
-193.6 0.24982173765390173
-193.4 0.24979008073321107
-193.2 0.24975836373325555
-193 0.24972658648323773
-192.8 0.24969474881171494
-192.6 0.24966285054659312
-192.4 0.2496308915151271
-192.2 0.24959887154391552
-192 0.24956679045889854
-191.8 0.2495346480853538
-191.6 0.24950244424789414
-191.4 0.24947017877046473
-191.2 0.24943785147633846
-191 0.24940546218811446
-190.8 0.24937301072771378
-190.6 0.24934049691637594
-190.4 0.24930792057465684
-190.2 0.24927528152242506
-190 0.24924257957885726
-189.8 0.2492098145624371
-189.6 0.24917698629094978
-189.4 0.249144094581481
-189.2 0.24911113925041084
-189 0.2490781201134127
-188.8 0.2490450369854491
-188.6 0.24901188968076732
-188.4 0.24897867801289783
-188.2 0.2489454017946496
-188 0.2489120608381062
-187.8 0.24887865495462347
-187.6 0.24884518395482544
-187.4 0.24881164764860067
-187.2 0.24877804584509894
-187 0.24874437835272747
-186.8 0.24871064497914755
-186.6 0.24867684553127048
-186.4 0.24864297981525457
-186.2 0.24860904763650088
-186 0.24857504879965
-185.8 0.24854098310857736
-185.6 0.24850685036639136
-185.4 0.24847265037542754
-185.2 0.24843838293724624
-185 0.24840404785262857
-184.8 0.24836964492157138
-184.6 0.24833517394328553
-184.4 0.24830063471619
-184.2 0.24826602703790945
-184 0.24823135070526933
-183.8 0.24819660551429265
-183.6 0.24816179126019536
-183.4 0.24812690773738294
-183.2 0.24809195473944634
-183 0.24805693205915752
-182.8 0.2480218394884662
-182.6 0.24798667681849418
-182.4 0.24795144383953352
-182.2 0.24791614034104062
-182 0.24788076611163226
-181.8 0.24784532093908318
-181.6 0.2478098046103188
-181.4 0.247774216911414
-181.2 0.24773855762758742
-181 0.2477028265431965
-180.8 0.2476670234417353
-180.6 0.2476311481058279
-180.4 0.24759520031722532
-180.2 0.24755917985680193
-180 0.2475230865045483
-179.8 0.24748692003956937
-179.6 0.24745068024007946
-179.4 0.24741436688339694
-179.2 0.24737797974593972
-179 0.24734151860322248
-178.8 0.24730498322984942
-178.6 0.2472683733995122
-178.4 0.24723168888498356
-178.2 0.24719492945811372
-178 0.24715809488982463
-177.8 0.24712118495010663
-177.6 0.247084199408013
-177.4 0.24704713803165412
-177.2 0.24701000058819522
-177 0.24697278684384935
-176.8 0.24693549656387315
-176.6 0.24689812951256238
-176.4 0.2468606854532467
-176.2 0.24682316414828495
-176 0.24678556535905963
-175.8 0.24674788884597254
-175.6 0.246710134368439
-175.4 0.24667230168488402
-175.2 0.2466343905527354
-175 0.24659640072842107
-174.8 0.24655833196736154
-174.6 0.24652018402396572
-174.4 0.24648195665162537
-174.2 0.24644364960271167
-174 0.2464052626285661
-173.8 0.2463667954795001
-173.6 0.24632824790478444
-173.4 0.24628961965264812
-173.2 0.2462509104702712
-173 0.24621212010377821
-172.8 0.24617324829823556
-172.6 0.24613429479764332
-172.4 0.2460952593449304
-172.2 0.24605614168195022
-172 0.24601694154947384
-171.8 0.2459776586871842
-171.6 0.245938292833671
-171.4 0.245898843726425
-171.2 0.2458593111018318
-171 0.24581969469516632
-170.8 0.24577999424058747
-170.6 0.24574020947113048
-170.4 0.24570034011870362
-170.2 0.24566038591408015
-170 0.24562034658689305
-169.8 0.24558022186562908
-169.6 0.24554001147762325
-169.4 0.2454997151490511
-169.2 0.24545933260492414
-169 0.2454188635690829
-168.8 0.24537830776419142
-168.6 0.24533766491172948
-168.4 0.24529693473198882
-168.2 0.24525611694406396
-168 0.24521521126584747
-167.8 0.24517421741402387
-167.6 0.24513313510406187
-167.4 0.2450919640502086
-167.2 0.24505070396548406
-167 0.24500935456167164
-166.8 0.24496791554931474
-166.6 0.24492638663770855
-166.4 0.24488476753489336
-166.2 0.24484305794764746
-166 0.24480125758148125
-165.8 0.24475936614063046
-165.6 0.24471738332804813
-165.4 0.24467530884539843
-165.2 0.2446331423930499
-165 0.24459088367006748
-164.8 0.24454853237420668
-164.6 0.24450608820190592
-164.4 0.24446355084827867
-164.2 0.2444209200071081
-164 0.24437819537083727
-163.8 0.24433537663056357
-163.6 0.24429246347603178
-163.4 0.244249455595625
-163.2 0.2442063526763585
-163 0.24416315440387198
-162.8 0.24411986046242157
-162.6 0.24407647053487216
-162.4 0.2440329843026911
-162.2 0.2439894014459388
-162 0.24394572164326248
-161.8 0.24390194457188677
-161.6 0.24385806990760722
-161.4 0.24381409732478204
-161.2 0.24377002649632404
-161 0.24372585709369224
-160.8 0.2436815887868846
-160.6 0.24363722124442921
-160.4 0.24359275413337683
-160.2 0.24354818711929194
-160 0.24350351986624497
-159.8 0.24345875203680445
-159.6 0.2434138832920266
-159.4 0.24336891329144955
-159.2 0.2433238416930828
-159 0.24327866815340077
-158.8 0.24323339232733127
-158.6 0.24318801386824934
-158.4 0.24314253242796763
-158.2 0.243096947656728
-158 0.24305125920319104
-157.8 0.2430054667144301
-157.6 0.24295956983591954
-157.4 0.24291356821152768
-157.2 0.24286746148350583
-157 0.2428212492924818
-156.8 0.24277493127744773
-156.6 0.24272850707575294
-156.4 0.24268197632309377
-156.2 0.24263533865350387
-156 0.24258859369934604
-155.8 0.24254174109130117
-155.6 0.24249478045835973
-155.4 0.24244771142781155
-155.2 0.2424005336252364
-155 0.2423532466744935
-154.8 0.2423058501977134
-154.6 0.2422583438152859
-154.4 0.24221072714585196
-154.2 0.2421629998062921
-154 0.24211516141171696
-153.8 0.24206721157545785
-153.6 0.24201914990905504
-153.4 0.24197097602224835
-153.2 0.24192268952296678
-153 0.2418742900173176
-152.8 0.24182577710957567
-152.6 0.241777150402174
-152.4 0.24172840949569116
-152.2 0.2416795539888423
-152 0.24163058347846753
-151.8 0.2415814975595205
-151.6 0.2415322958250585
-151.4 0.2414829778662305
-151.2 0.2414335432722664
-151 0.2413839916304657
-150.8 0.24133432252618645
-150.6 0.24128453554283358
-150.4 0.2412346302618471
-150.2 0.24118460626269173
-150 0.2411344631228434
-149.8 0.24108420041777948
-149.6 0.24103381772096608
-149.4 0.24098331460384576
-149.2 0.24093269063582695
-149 0.24088194538426996
-148.8 0.24083107841447637
-148.6 0.240780089289677
-148.4 0.24072897757101758
-148.2 0.24067774281754906
-148 0.2406263845862128
-147.8 0.24057490243183008
-147.6 0.24052329590708754
-147.4 0.2404715645625254
-147.2 0.24041970794652545
-147 0.2403677256052956
-146.8 0.24031561708285967
-146.6 0.24026338192104277
-146.4 0.24021101965945843
-146.2 0.24015852983549518
-146 0.24010591198430273
-145.8 0.24005316563878
-145.6 0.2400002903295596
-145.4 0.23994728558499587
-145.2 0.23989415093114935
-145 0.23984088589177452
-144.8 0.23978748998830476
-144.6 0.23973396273983902
-144.4 0.23968030366312695
-144.2 0.23962651227255402
-144 0.2395725880801299
-143.8 0.23951853059547032
-143.6 0.23946433932578476
-143.4 0.23941001377586182
-143.2 0.23935555344805223
-143 0.23930095784225702
-142.8 0.23924622645590968
-142.6 0.23919135878396292
-142.4 0.23913635431887215
-142.2 0.23908121255058132
-142 0.23902593296650587
-141.8 0.2389705150515189
-141.6 0.23891495828793413
-141.4 0.23885926215549066
-141.2 0.23880342613133648
-141 0.2387474496900132
-140.8 0.23869133230343917
-140.6 0.23863507344089385
-140.4 0.23857867256900075
-140.2 0.2385221291517109
-140 0.23846544265028669
-139.8 0.23840861252328469
-139.6 0.23835163822653926
-139.4 0.2382945192131436
-139.2 0.23823725493343578
-139 0.2381798448349787
-138.8 0.23812228836254345
-138.6 0.23806458495809268
-138.4 0.23800673406076184
-138.2 0.23794873510684128
-138 0.23789058752975925
-137.8 0.2378322907600621
-137.6 0.2377738442253987
-137.4 0.23771524735049945
-137.2 0.237656499557159
-137 0.2375976002642172
-136.8 0.23753854888754142
-136.6 0.2374793448400052
-136.4 0.23741998753147223
-136.2 0.23736047636877444
-136 0.237300810755694
-135.8 0.2372409900929438
-135.6 0.2371810137781473
-135.4 0.23712088120581845
-135.2 0.23706059176734334
-135 0.23700014485095766
-134.8 0.23693953984172833
-134.6 0.236878776121532
-134.4 0.23681785306903505
-134.2 0.2367567700596726
-134 0.2366955264656274
-133.8 0.23663412165580905
-133.6 0.2365725549958331
-133.4 0.2365108258479981
-133.2 0.23644893357126617
-133 0.23638687752123938
-132.8 0.2363246570501396
-132.6 0.2362622715067845
-132.4 0.2361997202365669
-132.2 0.2361370025814315
-132 0.23607411787985247
-131.8 0.23601106546681033
-131.6 0.23594784467377003
-131.4 0.23588445482865697
-131.2 0.23582089525583344
-131 0.23575716527607551
-130.8 0.23569326420655032
-130.6 0.2356291913607895
-130.4 0.23556494604866846
-130.2 0.2355005275763792
-130 0.23543593524640846
-129.8 0.23537116835751026
-129.6 0.23530622620468422
-129.4 0.23524110807914747
-129.2 0.23517581326831152
-129 0.2351103410557563
-128.8 0.2350446907212037
-128.6 0.234978861540493
-128.4 0.23491285278555377
-128.2 0.23484666372438046
-128 0.23478029362100475
-127.8 0.23471374173547083
-127.6 0.23464700732380595
-127.4 0.23458008963799587
-127.2 0.23451298792595557
-127 0.2344457014315025
-126.8 0.23437822939432906
-126.6 0.23431057104997405
-126.4 0.2342427256297949
-126.2 0.23417469236093885
-126 0.2341064704663143
-125.8 0.23403805916456216
-125.6 0.2339694576700265
-125.4 0.2339006651927256
-125.2 0.23383168093832124
-125 0.23376250410808969
-124.8 0.23369313389889146
-124.6 0.23362356950314125
-124.4 0.23355381010877646
-124.2 0.23348385489922724
-124 0.23341370305338438
-123.8 0.23334335374556892
-123.6 0.23327280614549997
-123.4 0.23320205941826322
-123.2 0.2331311127242781
-123 0.2330599652192663
-122.8 0.23298861605421736
-122.6 0.23291706437535858
-122.4 0.23284530932411837
-122.2 0.23277335003709593
-122 0.23270118564602452
-121.8 0.23262881527774013
-121.6 0.23255623805414516
-121.4 0.23248345309217408
-121.2 0.23241045950375913
-121 0.23233725639579528
-120.8 0.23226384287010304
-120.6 0.23219021802339532
-120.4 0.2321163809472381
-120.2 0.23204233072801694
-120 0.23196806644689824
-119.8 0.23189358717979294
-119.6 0.23181889199731937
-119.4 0.23174397996476498
-119.2 0.23166885014204888
-119 0.23159350158368333
-118.8 0.23151793333873436
-118.6 0.23144214445078495
-118.4 0.23136613395789196
-118.2 0.231289900892551
-118 0.23121344428165228
-117.8 0.231136763146444
-117.6 0.23105985650248778
-117.4 0.23098272335962167
-117.2 0.2309053627219155
-117 0.23082777358763013
-116.8 0.2307499549491771
-116.6 0.23067190579307312
-116.4 0.23059362509990008
-116.2 0.23051511184425932
-116 0.2304363649947302
-115.8 0.23035738351382537
-115.6 0.23027816635794524
-115.4 0.23019871247733525
-115.2 0.23011902081603958
-115 0.23003909031185607
-114.8 0.22995891989628905
-114.6 0.22987850849450572
-114.4 0.22979785502528696
-114.2 0.22971695840098066
-114 0.22963581752745477
-113.8 0.22955443130405048
-113.6 0.22947279862353054
-113.4 0.22939091837203338
-113.2 0.22930878942902236
-113 0.22922641066723795
-112.8 0.22914378095264476
-112.6 0.22906089914438318
-112.4 0.22897776409471765
-112.2 0.22889437464898513
-112 0.22881072964554353
-111.8 0.22872682791571852
-111.6 0.22864266828375207
-111.4 0.22855824956674717
-111.2 0.22847357057461617
-111 0.22838863011002528
-110.8 0.22830342696833872
-110.6 0.22821795993756638
-110.4 0.22813222779830516
-110.2 0.22804622932368473
-110 0.22795996327930912
-109.8 0.2278734284232006
-109.6 0.22778662350574103
-109.4 0.22769954726961447
-109.2 0.227612198449748
-109 0.22752457577325136
-108.8 0.22743667795935804
-108.6 0.2273485037193642
-108.4 0.22726005175656827
-108.2 0.22717132076620936
-108 0.2270823094354039
-107.8 0.22699301644308367
-107.6 0.22690344045993302
-107.4 0.22681358014832426
-107.2 0.22672343416225318
-107 0.2266330011472741
-106.8 0.2265422797404341
-106.6 0.2264512685702076
-106.4 0.226359966256428
-106.2 0.22626837141022021
-106 0.2261764826339345
-105.8 0.2260842985210751
-105.6 0.22599181765623239
-105.4 0.22589903861501234
-105.2 0.22580595996396613
-105 0.22571258026051777
-104.8 0.22561889805289298
-104.6 0.22552491188004575
-104.4 0.2254306202715864
-104.2 0.22533602174770448
-104 0.22524111481909745
-103.8 0.22514589798689263
-103.6 0.22505036974257195
-103.4 0.22495452856789497
-103.2 0.22485837293482053
-103 0.2247619013054295
-102.8 0.22466511213184387
-102.6 0.22456800385614942
-102.4 0.22447057491031197
-102.2 0.2243728237160979
-102 0.22427474868499125
-101.8 0.22417634821811092
-101.6 0.22407762070612666
-101.4 0.2239785645291745
-101.2 0.22387917805677068
-101 0.22377945964772716
-100.8 0.22367940765006195
-100.6 0.22357902040091307
-100.4 0.22347829622644894
-100.2 0.22337723344177923
-100 0.22327583035086362
-99.8 0.2231740852464209
-99.6 0.22307199640983655
-99.4 0.2229695621110691
-99.2 0.22286678060855655
-99 0.222763650149122
-98.8 0.2226601689678751
-98.6 0.22255633528811827
-98.4 0.22245214732124668
-98.2 0.22234760326665048
-98 0.22224270131161405
-97.8 0.22213743963121702
-97.6 0.22203181638822994
-97.4 0.2219258297330135
-97.2 0.22181947780341368
-97 0.221712758724658
-96.8 0.22160567060924743
-96.6 0.22149821155685215
-96.4 0.22139037965420214
-96.2 0.22128217297497732
-96 0.22117358957969924
-95.8 0.2210646275156182
-95.6 0.22095528481660198
-95.4 0.2208455595030215
-95.2 0.22073544958163663
-95 0.22062495304547938
-94.8 0.22051406787373895
-94.6 0.22040279203164212
-94.4 0.2202911234703325
-94.2 0.2201790601267539
-94 0.22006659992352431
-93.8 0.21995374076881496
-93.6 0.21984048055622682
-93.4 0.21972681716466236
-93.2 0.2196127484582017
-93 0.21949827228597232
-92.8 0.21938338648202
-92.6 0.2192680888651791
-92.4 0.2191523772389394
-92.2 0.2190362493913126
-92 0.21891970309469808
-91.8 0.2188027361057464
-91.6 0.21868534616522092
-91.4 0.21856753099785986
-91.2 0.21844928831223503
-91 0.21833061580060997
-90.8 0.21821151113879678
-90.6 0.2180919719860105
-90.4 0.21797199598472314
-90.2 0.21785158076051592
-90 0.21773072392192902
-89.8 0.21760942306031067
-89.6 0.21748767574966468
-89.4 0.21736547954649632
-89.2 0.2172428319896553
-89 0.21711973060017978
-88.8 0.21699617288113557
-88.6 0.21687215631745643
-88.4 0.21674767837578068
-88.2 0.21662273650428684
-88 0.21649732813252826
-87.8 0.21637145067126384
-87.6 0.21624510151229054
-87.4 0.2161182780282689
-87.2 0.2159909775725535
-87 0.2158631974790144
-86.8 0.21573493506186084
-86.6 0.21560618761546427
-86.4 0.21547695241417592
-86.2 0.21534722671214276
-86 0.21521700774312608
-85.8 0.21508629272031132
-85.6 0.21495507883612075
-85.4 0.2148233632620238
-85.2 0.21469114314834076
-85 0.21455841562405198
-84.8 0.21442517779659725
-84.6 0.2142914267516786
-84.4 0.21415715955305759
-84.2 0.21402237324235232
-84 0.21388706483883152
-83.8 0.2137512313392059
-83.6 0.21361486971741878
-83.4 0.21347797692443077
-83.2 0.21334054988800877
-83 0.21320258551250437
-82.8 0.21306408067863636
-82.6 0.21292503224326786
-82.4 0.21278543703918143
-82.2 0.21264529187485143
-82 0.212504593534215
-81.8 0.21236333877643904
-81.6 0.21222152433568592
-81.4 0.21207914692087376
-81.2 0.21193620321544013
-81 0.2117926898770951
-80.8 0.21164860353757783
-80.6 0.21150394080240767
-80.4 0.2113586982506324
-80.2 0.21121287243457526
-80 0.21106645987957626
-79.8 0.2109194570837344
-79.6 0.21077186051764285
-79.4 0.21062366662412538
-79.2 0.21047487181796515
-79 0.2103254724856348
-78.8 0.21017546498502065
-78.6 0.2100248456451446
-78.4 0.20987361076588293
-78.2 0.2097217566176822
-78 0.20956927944127027
-77.8 0.2094161754473673
-77.6 0.2092624408163892
-77.4 0.2091080716981513
-77.2 0.20895306421156598
-77 0.2087974144443395
-76.8 0.2086411184526615
-76.6 0.2084841722608958
-76.4 0.2083265718612627
-76.2 0.20816831321352108
-76 0.20800939224464515
-75.8 0.20784980484849833
-75.6 0.20768954688550198
-75.4 0.20752861418230248
-75.2 0.20736700253143037
-75 0.2072047076909625
-74.8 0.2070417253841712
-74.6 0.2068780512991777
-74.4 0.2067136810885953
-74.2 0.20654861036917216
-74 0.20638283472142785
-73.8 0.2062163496892867
-73.6 0.20604915077970554
-73.4 0.2058812334622991
-73.2 0.20571259316895854
-73 0.20554322529346764
-72.8 0.20537312519111153
-72.6 0.20520228817828495
-72.4 0.2050307095320915
-72.2 0.20485838448994095
-72 0.2046853082491408
-71.8 0.20451147596648273
-71.6 0.20433688275782413
-71.4 0.20416152369766488
-71.2 0.20398539381871877
-71 0.20380848811148042
-70.8 0.2036308015237851
-70.6 0.2034523289603662
-70.4 0.20327306528240402
-70.2 0.20309300530707178
-70 0.20291214380707404
-69.8 0.2027304755101816
-69.6 0.2025479950987586
-69.4 0.20236469720928527
-69.2 0.20218057643187376
-69 0.20199562730978027
-68.8 0.20180984433890733
-68.6 0.20162322196730395
-68.4 0.20143575459465649
-68.2 0.2012474365717769
-68 0.20105826220007905
-67.8 0.20086822573105473
-67.6 0.20067732136573868
-67.4 0.20048554325416987
-67.2 0.20029288549484384
-67 0.20009934213415978
-66.8 0.19990490716585976
-66.6 0.1997095745304623
-66.4 0.19951333811468672
-66.2 0.19931619175087315
-66 0.1991181292163913
-65.8 0.19891914423304743
-65.6 0.19871923046647744
-65.4 0.19851838152553783
-65.2 0.19831659096168552
-65 0.19811385226835193
-64.8 0.19791015888030677
-64.6 0.19770550417301766
-64.4 0.197499881461997
-64.2 0.19729328400214374
-64 0.1970857049870772
-63.8 0.1968771375484588
-63.6 0.1966675747553096
-63.4 0.1964570096133157
-63.2 0.19624543506412748
-63 0.1960328439846469
-62.8 0.19581922918630937
-62.6 0.1956045834143538
-62.4 0.19538889934708223
-62.2 0.1951721695951149
-62 0.1949543867006304
-61.8 0.19473554313659885
-61.6 0.19451563130600408
-61.4 0.1942946435410578
-61.2 0.1940725721024015
-61 0.19384940917829707
-60.8 0.19362514688381208
-60.6 0.19339977725998747
-60.4 0.19317329227300123
-60.2 0.19294568381331614
-60 0.1927169436948193
-59.8 0.19248706365394885
-59.6 0.19225603534881128
-59.4 0.19202385035828567
-59.2 0.19179050018111607
-59 0.19155597623499335
-58.8 0.19132026985562506
-58.6 0.1910833722957913
-58.4 0.19084527472438992
-58.2 0.19060596822546946
-58 0.19036544379724804
-57.8 0.19012369235112042
-57.6 0.18988070471065216
-57.4 0.18963647161055966
-57.2 0.18939098369567778
-57 0.18914423151991394
-56.8 0.18889620554518644
-56.6 0.18864689614035263
-56.4 0.1883962935801196
-56.2 0.18814438804394165
-56 0.18789116961490365
-55.8 0.18763662827858948
-55.6 0.1873807539219351
-55.4 0.18712353633206763
-55.2 0.18686496519512724
-55 0.18660503009507498
-54.8 0.18634372051248502
-54.6 0.1860810258233196
-54.4 0.1858169352976894
-54.2 0.18555143809859584
-54 0.18528452328065792
-53.8 0.18501617978882262
-53.6 0.1847463964570567
-53.4 0.1844751620070223
-53.2 0.18420246504673501
-53 0.1839282940692039
-52.8 0.18365263745105304
-52.6 0.18337548345112664
-52.4 0.1830968202090736
-52.2 0.1828166357439142
-52 0.18253491795258844
-51.8 0.18225165460848358
-51.6 0.18196683335994532
-51.4 0.18168044172876524
-51.2 0.18139246710865148
-51 0.18110289676367705
-50.8 0.18081171782671113
-50.6 0.1805189172978236
-50.4 0.18022448204267655
-50.2 0.1799283987908866
-50 0.1796306541343717
-49.8 0.17933123452567307
-49.6 0.17903012627625728
-49.4 0.17872731555479252
-49.2 0.17842278838540657
-49 0.17811653064591962
-48.8 0.17780852806605416
-48.6 0.1774987662256223
-48.4 0.17718723055268787
-48.2 0.17687390632170702
-48 0.17655877865164352
-47.8 0.17624183250405837
-47.6 0.17592305268117728
-47.4 0.17560242382393068
-47.2 0.17527993040997053
-47 0.17495555675166058
-46.8 0.17462928699404184
-46.6 0.17430110511277
-46.4 0.17397099491202916
-46.2 0.17363894002241703
-46 0.17330492389880472
-45.8 0.1729689298181692
-45.6 0.17263094087739722
-45.4 0.1722909399910632
-45.2 0.17194890988918013
-45 0.17160483311491856
-44.8 0.1712586920223033
-44.6 0.17091046877387525
-44.4 0.1705601453383299
-44.2 0.1702077034881241
-44 0.1698531247970541
-43.8 0.16949639063780478
-43.6 0.16913748217946933
-43.4 0.1687763803850391
-43.2 0.16841306600886385
-43 0.1680475195940812
-42.8 0.16767972147001756
-42.6 0.16730965174955748
-42.4 0.1669372903264821
-42.2 0.16656261687277993
-42 0.16618561083592298
-41.8 0.16580625143611566
-41.6 0.16542451766351196
-41.4 0.1650403882753998
-41.2 0.16465384179335943
-41 0.16426485650038447
-40.8 0.16387341043797887
-40.6 0.1634794814032192
-40.4 0.16308304694578582
-40.2 0.16268408436496765
-40 0.1622825707066322
-39.8 0.16187848276016742
-39.6 0.16147179705539408
-39.4 0.161062489859447
-39.2 0.1606505371736278
-39 0.16023591473022827
-38.8 0.15981859798932455
-38.6 0.15939856213554368
-38.4 0.1589757820748014
-38.2 0.1585502324310125
-38 0.15812188754277595
-37.8 0.15769072146003071
-37.6 0.1572567079406888
-37.4 0.1568198204472419
-37.2 0.15638003214334453
-37 0.15593731589037274
-36.8 0.15549164424396292
-36.6 0.1550429894505271
-36.4 0.15459132344374854
-36.2 0.15413661784105992
-36 0.15367884394010162
-35.8 0.15321797271516507
-35.6 0.1527539748136212
-35.4 0.15228682055233492
-35.2 0.15181647991406913
-35 0.15134292254387824
-34.8 0.1508661177454944
-34.6 0.1503860344777083
-34.4 0.14990264135074557
-34.2 0.14941590662264384
-34 0.14892579819563015
-33.8 0.14843228361250307
-33.6 0.14793533005302212
-33.4 0.1474349043303078
-33.2 0.1469309728872541
-33 0.1464235017929593
-32.8 0.1459124567391779
-32.6 0.14539780303679528
-32.4 0.14487950561233404
-32.2 0.14435752900449142
-32 0.14383183736071692
-31.8 0.1433023944338313
-31.6 0.1427691635786962
-31.4 0.14223210774893555
-31.2 0.14169118949371984
-31 0.14114637095461408
-30.8 0.14059761386250244
-30.6 0.14004487953459
-30.4 0.13948812887149487
-30.2 0.13892732235443545
-30 0.13836242004252178
-29.8 0.13779338157016166
-29.6 0.1372201661445887
-29.4 0.13664273254352297
-29.2 0.13606103911297773
-29 0.13547504376521727
-28.8 0.13488470397688582
-28.6 0.13428997678731297
-28.4 0.13369081879701283
-28.2 0.13308718616639056
-28 0.13247903461466978
-27.8 0.13186631941905871
-27.6 0.13124899541416965
-27.4 0.13062701699171092
-27.2 0.13000033810046902
-27 0.12936891224660169
-26.8 0.12873269249426159
-26.6 0.12809163146657343
-26.4 0.12744568134698794
-26.2 0.12679479388103657
-26 0.12613892037851407
-25.8 0.12547801171611556
-25.6 0.12481201834055827
-25.4 0.12414089027221704
-25.2 0.12346457710930919
-25 0.12278302803266009
-24.8 0.1220961918110876
-24.6 0.12140401680744427
-24.4 0.12070645098535669
-24.2 0.12000344191670768
-24 0.11929493678990369
-23.8 0.11858088241897898
-23.6 0.11786122525358526
-23.4 0.11713591138992363
-23.2 0.1164048865826736
-23 0.11566809625798091
-22.8 0.11492548552756986
-22.6 0.11417699920404567
-22.4 0.1134225818174608
-22.2 0.11266217763322117
-22 0.11189573067141305
-21.8 0.11112318472763644
-21.6 0.11034448339543597
-21.4 0.10955957009042518
-21.2 0.10876838807620666
-21 0.10797088049219668
-20.8 0.10716699038346789
-20.6 0.10635666073273381
-20.4 0.10553983449460126
-20.2 0.10471645463223297
-20 0.10388646415655922
-19.8 0.10304980616819946
-19.6 0.10220642390225405
-19.4 0.10135626077614218
-19.2 0.10049926044067033
-19 0.09963536683453013
-18.8 0.09876452424243236
-18.6 0.09788667735710169
-18.4 0.09700177134536996
-18.2 0.0961097519186172
-18 0.09521056540783202
-17.8 0.09430415884357678
-17.6 0.09339048004115917
-17.4 0.09246947769134094
-17.2 0.09154110145692415
-17 0.09060530207558791
-16.8 0.08966203146936931
-16.6 0.08871124286120825
-16.4 0.08775289089900781
-16.2 0.08678693178768782
-16 0.0858133234297488
-15.8 0.08483202557489364
-15.6 0.08384299997929497
-15.4 0.08284621057514002
-15.2 0.08184162365112674
-15 0.08082920804463473
-14.8 0.0798089353463489
-14.6 0.07878078011816741
-14.4 0.07774472012529104
-14.2 0.0767007365834565
-14 0.07564881442234705
-13.8 0.07458894256629883
-13.6 0.07352111423349995
-13.4 0.07244532725498104
-13.2 0.07136158441478996
-13 0.07026989381286475
-12.8 0.0691702692522306
-12.6 0.06806273065228897
-12.4 0.06694730449010704
-12.2 0.06582402427177828
-12 0.0646929310361005
-11.8 0.06355407389300982
-11.6 0.062407510599420554
-11.4 0.061253308175356166
-11.2 0.06009154356351153
-11 0.05892230433567087
-10.8 0.05774568944971949
-10.6 0.056561810061332714
-10.4 0.055370790394807565
-10.2 0.054172768677928564
-10 0.05296789814622668
-9.8 0.05175634812251329
-9.6 0.050538305178150285
-9.4 0.049313974383157946
-9.2 0.0480835806529821
-9 0.04684737020053414
-8.8 0.04560561210300612
-8.6 0.044358599993950476
-8.4 0.043106653892212764
-8.2 0.04185012218053408
-8 0.0405893837480054
-7.8 0.03932485031208045
-7.6 0.038056968937551186
-7.4 0.036786224771781575
-7.2 0.035513144017601785
-7 0.03423829716760548
-6.8 0.032962302526197654
-6.6 0.03168583004862722
-6.4 0.030409605529440244
-6.2 0.029134415176328043
-6 0.02786111060924773
-5.8 0.02659061432899076
-5.6 0.025323925704085266
-5.4 0.024062127530066642
-5.2 0.0228063932207552
-5 0.02155799469724419
-4.8 0.020318311046833126
-4.6 0.019088838031123177
-4.4 0.01787119852989674
-4.2 0.016667154015181266
-4 0.015478617157963712
-3.8 0.014307665678258492
-3.6 0.013156557557452816
-3.4 0.012027747739797428
-3.2 0.010923906457185419
-3 0.009847939317381597
-2.8 0.008803009299749143
-2.6 0.007792560802915622
-2.4 0.0068203458836577305
-2.2 0.005890452812390424
-2 0.00500733704323036
-1.8 0.004175854648585094
-1.6 0.0034012981895101637
-1.4 0.002689434870090496
-1.2 0.002046546640101666
-1 0.0014794716476317189
-0.8 0.0009956460897064567
-0.6 0.0006031450673467797
-0.4 0.00031072055194852357
-0.2 0.00012783406044962643
0 0.00006468108219922932
0.2 0.00013220319614752976
0.4 0.0003420801169551246
0.6 0.000706681839222176
0.8 0.0012389291765586498
1 0.0019519507108670569
1.2 0.0028583774491981813
1.4 0.00396926561499356
1.6 0.005293191948274594
1.8 0.006836538275152985
2 0.008605088742825973
2.2 0.010605361645082625
2.4 0.01284433260849811
2.6 0.01532800561626754
2.8 0.018059857689015045
3 0.021039529117508813
3.2 0.024261697817268772
3.4 0.027715146107728156
3.6 0.03138223305132835
3.8 0.03523909056561282
4 0.039256826055839376
4.2 0.04340388545006569
4.4 0.04764955899379535
4.6 0.05196836058912756
4.8 0.056344544016378534
5 0.060775380419487136
5.2 0.06527164358060408
5.4 0.06985480898395621
5.6 0.07455226572113521
5.8 0.07939267543675069
6 0.08440285982470018
6.2 0.08960634731294369
6.4 0.09502302960732055
6.6 0.10066934719865706
6.8 0.10655864859598752
7 0.11270157013984071
7.2 0.11910638884714203
7.4 0.12577933743040012
7.6 0.1327248783931916
7.8 0.13994593538793554
8 0.14744408175445164
8.2 0.15521968851277496
8.4 0.16327203600975537
8.6 0.17159939441106462
8.8 0.1801990783483772
9 0.18906748055095893
9.2 0.19820008846115025
9.4 0.20759148678170672
9.6 0.21723534760766797
9.8 0.22712440805585277
10 0.23725043265081408
10.2 0.24760415317938841
10.4 0.258175170247415
10.6 0.26895178403271014
10.8 0.2799206876469874
11 0.29106638814277014
11.2 0.3023701022573578
11.4 0.3138078114303353
11.6 0.3253480206267236
11.8 0.3369541423126174
12 0.34859968344758896
12.2 0.36028165193277045
12.4 0.37200770287403445
12.6 0.3837793574171416
12.8 0.3955892632693837
13 0.4074240241453294
13.2 0.419266604601343
13.4 0.4310976080559317
13.6 0.44289578712767314
13.8 0.45463798019376933
14 0.4662983110165403
14.2 0.4778459142190998
14.4 0.4892400206388022
14.6 0.5004271809999102
14.8 0.5113655342950691
15 0.5220554632607852
15.2 0.532508916863353
15.4 0.5427230089157273
15.6 0.5526835859544564
15.8 0.5623730420448814
16 0.5717771127925909
16.2 0.5808890591337289
16.4 0.5897085517659902
16.6 0.5982373253994094
16.8 0.6064759002336367
17 0.6144224580209469
17.2 0.6220728719452951
17.4 0.6294211638802825
17.6 0.6364602952443199
17.8 0.6431834062753854
18 0.6495853568471293
18.2 0.6556639237159166
18.4 0.6614199425465237
18.6 0.6668564060793234
18.8 0.6719772475388172
19 0.6767864667172734
19.2 0.6812877612881275
19.4 0.6854845225110074
19.6 0.6893800199482953
19.8 0.6929776610243704
20 0.6962812644547564
20.2 0.699295313525486
20.4 0.7020251649073131
20.6 0.7044771911917448
20.8 0.7066588379990382
21 0.7085785843866489
21.2 0.7102458098566807
21.4 0.7116705888974251
21.6 0.7128634474295363
21.8 0.7138351187123827
22 0.7145963286801512
22.2 0.715157627135422
22.4 0.7155292679508068
22.6 0.7157211323805449
22.8 0.7157426855340191
23 0.715602955749608
23.2 0.7153105282541002
23.4 0.714873546699118
23.6 0.7142997181197881
23.8 0.7135963182049585
24 0.7127701943810636
24.2 0.7118277640148544
24.4 0.7107750038239092
24.6 0.7096174237712422
24.8 0.708360012914281
25 0.7070071327232803
25.2 0.705562308845197
25.4 0.7040278263990879
25.6 0.7024039853410116
25.8 0.7006880623634449
26 0.6988744341024302
26.2 0.6969596225197343
26.4 0.6949495081143005
26.6 0.6928566930932055
26.8 0.690692950418833
27 0.6884670335491243
27.2 0.6861857044534597
27.4 0.6838548377878133
27.6 0.6814799989406359
27.8 0.6790666391455279
28 0.676620087321427
28.2 0.6741454616665439
28.4 0.6716475725038645
28.6 0.6691308488419467
28.8 0.6665992958045991
29 0.664056477255592
29.2 0.6615055136997079
29.4 0.6589490855094441
29.6 0.6563894323986598
29.8 0.6538283397729371
30 0.6512671003162551
30.2 0.6487064378886221
30.4 0.646146398759354
30.6 0.6435863115381887
30.8 0.6410251538751155
31 0.6384626959992523
31.2 0.6359007256935086
31.4 0.633342790268848
31.6 0.6307927875762949
31.8 0.6282540160672917
32 0.6257290070108417
32.2 0.6232196727418061
32.4 0.6207274797212511
32.6 0.6182535756846262
32.8 0.6157988742941581
33 0.613364111369977
33.2 0.6109498833494399
33.4 0.6085566745640085
33.6 0.606184877258699
33.8 0.6038348067273167
34 0.6015067130472587
34.2 0.5992007903765776
34.4 0.5969171844595527
34.6 0.5946559987873854
34.8 0.5924172997301934
35 0.5902011208687807
35.2 0.5880074666940938
35.4 0.5858363157997777
35.6 0.5836876236627192
35.8 0.5815613250844213
36 0.5794573363497564
36.2 0.5773755571475616
36.4 0.5753158722884542
36.6 0.5732781532483057
36.8 0.5712622595605255
37 0.5692680400761873
37.2 0.5672953341077769
37.4 0.5653439724698432
37.6 0.5634137784277455
37.8 0.5615045685641029
38 0.5596161535711787
38.2 0.5577483389763603
38.4 0.5559009258070128
38.6 0.5540737112001645
38.8 0.5522664889619397
39 0.5504790500810368
39.2 0.5487111832001295
39.4 0.546962675048682
39.6 0.5452333108402787
39.8 0.5435228746373387
40 0.5418311496857614
40.2 0.5401579187218501
40.4 0.5385029642536565
40.6 0.536866068818688
40.8 0.5352470152197802
41 0.5336455867407605
41.2 0.5320615673434339
41.4 0.5304947418472663
41.6 0.5289448960930506
41.8 0.5274118170917508
42 0.5258952931596017
42.2 0.5243951140404876
42.4 0.5229110710165321
42.6 0.5214429570077647
42.8 0.519990566661673
43 0.5185536964333838
43.2 0.5171321446571597
43.4 0.5157257116098654
43.6 0.514334199566982
43.8 0.5129574128517469
44 0.5115951578779089
44.2 0.5102472431865959
44.4 0.508913479477733
44.6 0.5075936796364205
44.8 0.5062876587546662
45 0.5049952341488204
45.2 0.5037162253730546
45.4 0.502450454229185
45.6 0.5011977447731389
45.8 0.49995792331832456
46 0.49873081843615624
46.2 0.49751626095397006
46.4 0.49631408395053966
46.6 0.49512412274939943
46.8 0.49394621491016133
47 0.49278020021799346
47.2 0.4916259206714303
47.4 0.49048322046865966
47.6 0.4893519459924281
47.8 0.4882319457936945
48 0.4871230705741535
48.2 0.48602517316774285
48.4 0.4849381085212305
48.6 0.48386173367399343
48.8 0.48279590773706255
49 0.4817404918715262
49.2 0.48069534926637303
49.4 0.4796603451158301
49.6 0.47863534659628426
49.8 0.4776202228428327
50 0.47661484492552375
50.2 0.4756190858253468
50.4 0.4746328204100108
50.6 0.47365592540956264
50.8 0.47268827939188596
51 0.4717297627381187
51.2 0.4707802576180231
51.4 0.4698396479653451
51.6 0.4689078194531854
51.8 0.4679846594694207
52 0.4670700570921897
52.2 0.46616390306547173
52.4 0.4652660897747841
52.6 0.4643765112230098
52.8 0.463495063006369
53 0.46262164229057046
53.2 0.4617561477871345
53.4 0.4608984797299143
53.6 0.4600485398518216
53.8 0.45920623136177074
54 0.4583714589218488
54.2 0.4575441286247224
54.4 0.45672414797128186
54.6 0.455911425848541
54.8 0.4551058725077876
55 0.4543073995429946
55.2 0.4535159198694994
55.4 0.4527313477029431
55.6 0.4519535985384893
55.8 0.4511825891303117
56 0.4504182374713565
56.2 0.4496604627733855
56.4 0.44890918544729314
56.6 0.4481643270837063
56.8 0.4474258104338554
57 0.44669355939073263
57.2 0.4459674989705247
57.4 0.44524755529431986
57.6 0.44453365557009694
57.8 0.4438257280749822
58 0.44312370213779007
58.2 0.44242750812182297
58.4 0.4417370774079522
58.6 0.441052342377959
58.8 0.44037323639814513
59 0.439699693803206
59.2 0.43903164988036325
59.4 0.4383690408537549
59.6 0.43771180386908365
59.8 0.4370598769785168
60 0.4364131991258316
60.2 0.435771710131815
60.4 0.435135350679899
60.6 0.434504062302043
60.8 0.43387778736484933
61 0.4332564690559174
61.2 0.4326400513704233
61.4 0.4320284790979324
61.6 0.4314216978094351
61.8 0.4308196538446032
62 0.4302222942992666
62.2 0.42962956701310123
62.4 0.42904142055753497
62.6 0.4284578042238556
62.8 0.42787866801152896
63 0.42730396261671694
63.2 0.42673363942099474
63.4 0.4261676504802649
63.6 0.42560594851386213
63.8 0.4250484868938516
64 0.42449521963450676
64.2 0.42394610138197797
64.4 0.42340108740413757
64.6 0.42286013358060165
64.8 0.4223231963929265
65 0.4217902329149794
65.2 0.421261200803473
65.4 0.42073605828866917
65.6 0.4202147641652434
65.8 0.4196972777833084
66 0.4191835590395952
66.2 0.41867356836879377
66.4 0.4181672667350328
66.6 0.4176646156235221
66.8 0.41716557703233226
67 0.41667011346432065
67.2 0.41617818791919875
67.4 0.4156897638857397
67.6 0.4152048053341162
67.8 0.41472327670837916
68 0.4142451429190619
68.2 0.41377036933591665
68.4 0.4132989217807746
68.6 0.41283076652053535
68.8 0.41236587026027044
69 0.4119042001364529
69.2 0.41144572371030336
69.4 0.41099040896124894
69.6 0.4105382242804959
69.8 0.4100891384647182
70 0.4096431207098482
70.2 0.4092001406049787
70.4 0.4087601681263711
70.6 0.4083231736315624
70.8 0.40788912785357784
71 0.4074580018952418
71.2 0.4070297672235845
71.4 0.4066043956643469
71.6 0.40618185939657997
71.8 0.4057621309473334
72 0.4053451831864366
72.2 0.40493098932137267
72.4 0.4045195228922306
72.6 0.4041107577667525
72.8 0.40370466813545997
73 0.4033012285068633
73.2 0.4029004137027555
73.4 0.40250219885357924
73.6 0.4021065593938789
73.8 0.40171347105782534
74 0.40132290987481595
74.2 0.4009348521651524
74.4 0.40054927453578393
74.6 0.4001661538761304
74.8 0.39978546735396747
75 0.399407192411386
75.2 0.39903130676081644
75.4 0.3986577883811183
75.6 0.39828661551373756
75.8 0.39791776665892487
76 0.39755122057201847
76.2 0.39718695625978784
76.4 0.3968249529768371
76.6 0.3964651902220676
76.8 0.39610764773520024
77 0.3957523054933531
77.2 0.39539914370767704
77.4 0.39504814282004214
77.6 0.39469928349978406
77.8 0.3943525466405009
78 0.3940079133568996
78.2 0.3936653649816962
78.4 0.39332488306256674
78.6 0.3929864493591473
78.8 0.3926500458400796
79 0.39231565468010837
79.2 0.39198325825722247
79.4 0.39165283914984383
79.6 0.3913243801340592
79.8 0.3909978641808985
80 0.39067327445365563
80.2 0.390350594305252
80.4 0.39002980727564085
80.6 0.3897108970892546
80.8 0.3893938476524936
81 0.3890786430512502
81.2 0.38876526754847573
81.4 0.38845370558178666
81.6 0.38814394176110234
81.8 0.3878359608663281
82 0.38752974784506744
82.2 0.38722528781037585
82.4 0.3869225660385424
82.6 0.3866215679669169
82.8 0.3863222791917579
83 0.3860246854661241
83.2 0.38572877269779277
83.4 0.38543452694721453
83.6 0.3851419344254948
83.8 0.3848509814924113
84 0.3845616546544574
84.2 0.38427394056292064
84.4 0.38398782601198395
84.6 0.3837032979368625
84.8 0.3834203434119654
85 0.3831389496490853
85.2 0.382859103995617
85.4 0.3825807939328009
85.6 0.3823040070739981
85.8 0.38202873116298064
86 0.38175495407226295
86.2 0.3814826638014442
86.4 0.38121184847558254
86.6 0.3809424963435951
86.8 0.3806745957766759
87 0.3804081352667418
87.2 0.3801431034249019
87.4 0.37987948897994644
87.6 0.3796172807768605
87.8 0.37935646777535953
88 0.3790970390484458
88.2 0.37883898378098607
88.4 0.37858229126831144
88.6 0.37832695091483426
88.8 0.3780729522326913
89 0.37782028484040137
89.2 0.3775689384615437
89.4 0.3773189029234578
89.6 0.37707016815595995
89.8 0.37682272419007923
90 0.37657656115681115
90.2 0.37633166928589
90.4 0.3760880389045793
90.6 0.37584566043647777
90.8 0.3756045244003442
91 0.3753646214089402
91.2 0.3751259421678844
91.4 0.3748884774745301
91.6 0.3746522182168522
91.8 0.37441715537235504
92 0.374183280006995
92.2 0.3739505832741131
92.4 0.3737190564133894
92.6 0.3734886907498095
92.8 0.37325947769264495
93 0.3730314087344474
93.2 0.3728044754500601
93.4 0.3725786694956396
93.6 0.37235398260769315
93.8 0.3721304066021289
94 0.3719079333733184
94.2 0.3716865548931748
94.4 0.3714662632102409
94.6 0.3712470504487911
94.8 0.37102890880794664
95 0.3708118305607999
95.2 0.3705958080535548
95.4 0.3703808337046764
95.6 0.3701669000040528
95.8 0.36995399951216723
96 0.3697421248592844
96.2 0.3695312687446462
96.4 0.3693214239356766
96.6 0.3691125832672
96.8 0.368904739640669
97 0.368697886023404
97.2 0.3684920154478391
97.4 0.36828712101078276
97.6 0.3680831958726873
97.8 0.36788023325692387
98 0.36767822644907555
98.2 0.3674771687962293
98.4 0.3672770537062877
98.6 0.3670778746472825
98.8 0.36687962514670075
99 0.3666822987908183
99.2 0.3664858892240434
99.4 0.3662903901482686
99.6 0.36609579532222997
99.8 0.36590209856087486
100 0.36570929373474287
100.2 0.3655173747693446
100.4 0.3653263356445601
100.6 0.36513617039403745
100.8 0.36494687310460117
101 0.36475843791566914
101.2 0.36457085901867725
101.4 0.3643841306565087
101.6 0.36419824712293625
101.8 0.36401320276206417
102 0.36382899196778473
102.2 0.36364560918323613
102.4 0.36346304890027004
102.6 0.3632813056589267
102.8 0.36310037404691425
103 0.36292024869909567
103.2 0.3627409242969834
103.4 0.3625623955682383
103.6 0.3623846572861785
103.8 0.36220770426928983
104 0.362031531380744
104.2 0.36185613352792667
104.4 0.36168150566196544
104.6 0.3615076427772682
104.8 0.36133453991106457
105 0.3611621921429559
105.2 0.36099059459446764
105.4 0.36081974242860776
105.6 0.3606496308494354
105.8 0.3604802551016279
106 0.3603116104700577
106.2 0.3601436922793739
106.4 0.35997649589358643
106.6 0.3598100167156587
106.8 0.3596442501871038
107 0.3594791917875855
107.2 0.35931483703452355
107.4 0.3591511814827059
107.6 0.3589882207239027
107.8 0.3588259503864877
108 0.35866436613506353
108.2 0.35850346367009017
108.4 0.3583432387275184
108.6 0.35818368707842946
108.8 0.35802480452867824
109 0.35786658691853745
109.2 0.35770903012235317
109.4 0.35755213004819547
109.6 0.3573958826375224
109.8 0.35724028386484163
110 0.3570853297373764
110.2 0.3569310162947403
110.4 0.3567773396086121
110.6 0.35662429578241334
110.8 0.35647188095099264
111 0.35632009128031394
111.2 0.35616892296714353
111.4 0.3560183722387494
111.6 0.3558684353525945
111.8 0.3557191085960402
112 0.3555703882860513
112.2 0.3554222707689041
112.4 0.35527475241989875
112.6 0.355127829643072
112.8 0.35498149887091957
113 0.35483575656411415
113.2 0.3546905992112322
113.4 0.35454602332848273
113.6 0.35440202545943716
113.8 0.3542586021747632
114 0.3541157500719649
114.2 0.35397346577511973
114.4 0.35383174593462496
114.6 0.35369058722694285
114.8 0.3535499863543487
115 0.3534099400446844
115.2 0.3532704450511145
115.4 0.3531314981518806
115.6 0.3529930961500638
115.8 0.35285523587335016
116 0.35271791417379134
116.2 0.3525811279275775
116.4 0.3524448740348069
116.6 0.3523091494192594
116.8 0.35217395102817334
117 0.3520392758320221
117.2 0.3519051208243005
117.4 0.3517714830213021
117.6 0.35163835946190913
117.8 0.35150574720738054
118 0.35137364334114196
118.2 0.35124204496857986
118.4 0.3511109492168355
118.6 0.35098035323460464
118.8 0.3508502541919348
119 0.35072064928003055
119.2 0.3505915357110553
119.4 0.3504629107179383
119.6 0.3503347715541851
119.8 0.35020711549368455
120 0.3500799398305263
120.2 0.34995324187881066
120.4 0.3498270189724691
120.6 0.349701268465081
120.8 0.34957598772969556
121 0.3494511741586544
121.2 0.3493268251634143
121.4 0.3492029381743773
121.6 0.34907951064071546
121.8 0.3489565400302038
122 0.34883402382905004
122.2 0.34871195954173123
122.4 0.3485903446908264
122.6 0.3484691768168557
122.8 0.34834845347812016
123 0.34822817225054037
123.2 0.3481083307275007
123.4 0.3479889265196927
123.6 0.3478699572549627
123.8 0.3477514205781566
124 0.3476333141509698
124.2 0.3475156356518005
124.4 0.34739838277559787
124.6 0.34728155323371795
124.8 0.3471651447537803
125 0.34704915507952233
125.2 0.34693358197066
125.4 0.3468184232027445
125.6 0.34670367656702733
125.8 0.3465893398703212
126 0.3464754109348629
126.2 0.3463618875981818
126.4 0.34624876771296476
126.6 0.3461360491469249
126.8 0.34602372978267226
127 0.3459118075175825
127.2 0.34580028026367216
127.4 0.3456891459474708
127.6 0.34557840250989663
127.8 0.3454680479061314
128 0.345358080105499
128.2 0.3452484970913464
128.4 0.34513929686091865
128.6 0.34503047742524445
128.8 0.34492203680901645
129 0.34481397305047745
129.2 0.3447062842012999
129.4 0.344598968326479
129.6 0.3444920235042137
129.8 0.34438544782579833
130 0.34427923939551136
130.2 0.3441733963305053
130.4 0.34406791676069914
130.6 0.3439627988286702
130.8 0.34385804068954834
131 0.3437536405109111
131.2 0.34364959647267873
131.4 0.34354590676701274
131.6 0.343442569598211
131.8 0.3433395831826103
132 0.3432369457484829
132.2 0.3431346555359402
132.4 0.34303271079683256
132.6 0.3429311097946537
132.8 0.3428298508044445
133 0.342728932112695
133.2 0.34262835201725494
133.4 0.3425281088272367
133.6 0.3424282008629237
133.8 0.3423286264556801
134 0.3422293839478584
134.2 0.3421304716927116
134.4 0.3420318880543014
134.6 0.34193363140741395
134.8 0.34183570013746917
135 0.3417380926404375
135.2 0.3416408073227516
135.4 0.3415438426012235
135.6 0.34144719690296055
135.8 0.3413508686652816
136 0.3412548563356349
136.2 0.34115915837151856
136.4 0.34106377324039594
136.6 0.3409686994196202
136.8 0.3408739353963516
137 0.34077947966748123
137.2 0.34068533073955193
137.4 0.3405914871286834
137.6 0.3404979473604935
137.8 0.34040470997002514
138 0.3403117735016694
138.2 0.34021913650909336
138.4 0.34012679755516545
138.6 0.34003475521188326
138.8 0.33994300806030203
139 0.3398515546904627
139.2 0.33976039370132194
139.4 0.339669523700681
139.6 0.33957894330511723
139.8 0.33948865113991683
140 0.3393986458390038
140.2 0.33930892604487456
140.4 0.3392194904085315
140.6 0.3391303375894151
140.8 0.33904146625533976
141 0.33895287508242905
141.2 0.33886456275505045
141.4 0.33877652796575225
141.6 0.3386887694152003
141.8 0.3386012858121147
142 0.3385140758732089
142.2 0.33842713832312865
142.4 0.33834047189438904
142.6 0.33825407532731666
142.8 0.3381679473699875
143 0.33808208677817003
143.2 0.3379964923152655
143.4 0.33791116275224914
143.6 0.3378260968676132
143.8 0.33774129344731085
144 0.3376567512846969
144.2 0.3375724691804754
144.4 0.33748844594264066
144.6 0.33740468038642485
144.8 0.33732117133424183
145 0.3372379176156331
145.2 0.33715491806721515
145.4 0.3370721715326261
145.6 0.3369896768624732
145.8 0.3369074329142785
146 0.336825438552432
146.2 0.3367436926481347
146.4 0.33666219407935233
146.6 0.3365809417307621
146.8 0.33649993449370513
147 0.336419171266135
147.2 0.33633865095257026
147.4 0.3362583724640448
147.6 0.3361783347180604
147.8 0.33609853663853867
148 0.3360189771557743
148.2 0.33593965520638763
148.4 0.3358605697332772
148.6 0.33578171968557713
148.8 0.3357031040186068
149 0.3356247216938302
149.2 0.33554657167880586
149.4 0.3354686529471481
149.6 0.33539096447848
149.8 0.33531350525838766
150 0.33523627427838115
150.2 0.3351592705358492
150.4 0.3350824930340162
150.6 0.3350059407819016
150.8 0.33492961279427647
151 0.3348535080916231
151.2 0.334777625700094
151.4 0.3347019646514699
151.6 0.3346265239831201
151.8 0.3345513027379631
152 0.3344762999644256
152.2 0.33440151471640395
152.4 0.33432694605322405
152.6 0.3342525930396045
152.8 0.33417845474561597
153 0.3341045302466453
153.2 0.3340308186233556
153.4 0.33395731896165054
153.6 0.33388403035263736
153.8 0.33381095189258686
154 0.33373808268290217
154.2 0.3336654218300782
154.4 0.33359296844566716
154.6 0.33352072164624436
154.8 0.33344868055337107
155 0.33337684429355935
155.2 0.33330521199824
155.4 0.33323378280372473
155.6 0.3331625558511748
155.8 0.33309153028656496
156 0.3330207052606529
156.2 0.332950079928942
156.4 0.3328796534516517
156.6 0.3328094249936829
156.8 0.3327393937245876
157 0.3326695588185331
157.2 0.3325999194542738
157.4 0.33253047481511744
157.6 0.3324612240888946
157.8 0.33239216646792724
158 0.3323233011489974
158.2 0.3322546273333174
158.4 0.3321861442264996
158.6 0.33211785103852426
158.8 0.332049746983713
159 0.33198183128069614
159.2 0.33191410315238495
159.4 0.331846561825942
159.6 0.3317792065327522
159.8 0.331712036508395
160 0.33164505099261365
160.2 0.3315782492292902
160.4 0.33151163046641474
160.6 0.33144519395605876
160.8 0.331378938954348
161 0.3313128647214353
161.2 0.3312469705214708
161.4 0.3311812556225803
161.6 0.3311157192968316
161.8 0.33105036082021605
162 0.3309851794726151
162.2 0.3309201745377782
162.4 0.33085534530329735
162.6 0.3307906910605782
162.8 0.33072621110481876
163 0.33066190473497986
163.2 0.33059777125376505
163.4 0.33053380996759146
163.6 0.3304700201865665
163.8 0.33040640122446485
164 0.33034295239870315
164.2 0.3302796730303155
164.4 0.33021656244393066
164.6 0.3301536199677474
164.8 0.33009084493351143
165 0.3300282366764926
165.2 0.3299657945354615
165.4 0.3299035178526651
165.6 0.3298414059738069
165.8 0.3297794582480219
166 0.3297176740278555
166.2 0.3296560526692404
166.4 0.3295945935314753
166.6 0.32953329597720266
166.8 0.3294721593723869
167 0.329411183086293
167.2 0.32935036649146615
167.4 0.3292897089637073
167.6 0.3292292098820573
167.8 0.32916886862877104
168 0.3291086845892987
168.2 0.3290486571522666
168.4 0.32898878570945483
168.6 0.3289290696557772
168.8 0.3288695083892628
169 0.32881010131103283
169.2 0.3287508478252852
169.4 0.3286917473392709
169.6 0.3286327992632772
169.8 0.3285740030106065
170 0.3285153579975584
170.2 0.32845686364341
170.4 0.3283985193703974
170.6 0.328340324603696
170.8 0.3282822787714044
171 0.3282243813045225
171.2 0.3281666316369347
171.4 0.3281090292053929
171.6 0.3280515734494972
171.8 0.32799426381167784
172 0.3279370997371776
172.2 0.32788008067403446
172.4 0.32782320607306414
172.6 0.32776647538784237
172.8 0.3277098880746874
173 0.3276534435926437
173.2 0.3275971414034641
173.4 0.32754098097159345
173.6 0.32748496176415165
173.8 0.3274290832509171
174 0.32737334490431
174.2 0.3273177461993766
174.4 0.32726228661377194
174.6 0.32720696562774493
174.8 0.32715178272412093
175 0.3270967373882873
175.2 0.32704182910817603
175.4 0.32698705737424955
175.6 0.3269324216794847
175.8 0.32687792151935663
176 0.32682355639182503
176.2 0.326769325797316
176.4 0.3267152292387111
176.6 0.3266612662213286
176.8 0.3266074362529102
177 0.32655373884360656
177.2 0.3265001735059629
177.4 0.3264467397549022
177.6 0.3263934371077137
177.8 0.32634026508403635
178 0.3262872232058459
178.2 0.3262343109974399
178.4 0.32618152798542477
178.6 0.3261288736986993
178.8 0.3260763476684449
179 0.32602394942810753
179.2 0.3259716785133887
179.4 0.325919534462226
179.6 0.32586751681478615
179.8 0.32581562511344647
180 0.3257638589027841
180.2 0.3257122177295628
180.4 0.3256607011427197
180.6 0.3256093086933518
180.8 0.325558039934703
181 0.3255068944221518
181.2 0.3254558717132
181.4 0.3254049713674568
181.6 0.3253541929466289
181.8 0.3253035360145076
182 0.3252530001369556
182.2 0.32520258488189535
182.4 0.3251522898192976
182.6 0.32510211452116783
182.8 0.325052058561535
183 0.3250021215164404
183.2 0.32495230296392397
183.4 0.32490260248401504
183.6 0.3248530196587179
183.8 0.3248035540720023
184 0.3247542053097909
184.2 0.32470497295994916
184.4 0.32465585661227203
184.6 0.3246068558584749
184.8 0.32455797029217914
185 0.3245091995089055
185.2 0.3244605431060595
185.4 0.3244120006829218
185.6 0.32436357184063724
185.8 0.32431525618220414
186 0.32426705331246336
186.2 0.3242189628380876
186.4 0.3241709843675712
186.6 0.32412311751121936
186.8 0.32407536188113784
187 0.32402771709122213
187.2 0.32398018275714874
187.4 0.323932758496362
187.6 0.3238854439280669
187.8 0.3238382386732184
188 0.323791142354509
188.2 0.3237441545963626
188.4 0.323697275024921
188.6 0.32365050326803774
188.8 0.3236038389552653
189 0.32355728171784565
189.2 0.3235108311887028
189.4 0.3234644870024324
189.6 0.3234182487952902
189.8 0.32337211620518636
190 0.3233260888716723
190.2 0.32328016643593377
190.4 0.32323434854078176
190.6 0.3231886348306417
190.8 0.32314302495154595
191 0.3230975185511233
191.2 0.32305211527859184
191.4 0.32300681478474724
191.6 0.3229616167219583
191.8 0.322916520744153
192 0.322871526506814
192.2 0.32282663366696673
192.4 0.3227818418831745
192.6 0.32273715081552534
192.8 0.32269256012562664
193 0.32264806947659724
193.2 0.32260367853305516
193.4 0.32255938696111497
193.6 0.3225151944283741
193.8 0.3224711006039072
194 0.3224271051582585
194.2 0.32238320776343193
194.4 0.32233940809288475
194.6 0.3222957058215189
194.8 0.3222521006256713
195 0.3222085921831093
195.2 0.3221651801730204
195.4 0.32212186427600553
195.6 0.32207864417406995
195.8 0.32203551955061804
196 0.3219924900904423
196.2 0.3219495554797181
196.4 0.321906715405997
196.6 0.32186396955819657
196.8 0.32182131762659416
197 0.3217787593028196
197.2 0.32173629427984857
197.4 0.3216939222519933
197.6 0.32165164291489795
197.8 0.3216094559655282
198 0.321567361102167
198.2 0.3215253580244073
198.4 0.3214834464331414
198.6 0.32144162603055887
198.8 0.32139989652013606
199 0.3213582576066297
199.2 0.3213167089960724
199.4 0.32127525039576266
199.6 0.32123388151425986
199.8 0.3211926020613773
