-200 0.0609446624272875
-199.8 0.06094357778231762
-199.6 0.06094249098809893
-199.4 0.0609414020382376
-199.2 0.060940310926314745
-199 0.06093921764588595
-198.8 0.06093812219048093
-198.6 0.060937024553603954
-198.4 0.060935924728733167
-198.2 0.060934822709320706
-198 0.06093371848879286
-197.8 0.06093261206054926
-197.6 0.06093150341796312
-197.4 0.06093039255438151
-197.2 0.060929279463124486
-197 0.06092816413748544
-196.8 0.060927046570730725
-196.6 0.06092592675609964
-196.4 0.06092480468680428
-196.2 0.060923680356029415
-196 0.060922553756932236
-195.8 0.06092142488264247
-195.6 0.0609202937262619
-195.4 0.060919160280864484
-195.2 0.06091802453949614
-195 0.060916886495174474
-194.8 0.060915746140889036
-194.6 0.060914603469600426
-194.4 0.06091345847424115
-194.2 0.06091231114771462
-194 0.060911161482895396
-193.8 0.06091000947262898
-193.6 0.060908855109731576
-193.4 0.06090769838699023
-193.2 0.060906539297162283
-193 0.06090537783297559
-192.8 0.06090421398712799
-192.6 0.06090304775228748
-192.4 0.06090187912109181
-192.2 0.06090070808614873
-192 0.06089953464003536
-191.8 0.06089835877529814
-191.6 0.060897180484452834
-191.4 0.06089599975998447
-191.2 0.060894816594346715
-191 0.060893630979962324
-190.8 0.06089244290922252
-190.6 0.060891252374486816
-190.4 0.06089005936808323
-190.2 0.060888863882307805
-190 0.06088766590942469
-189.8 0.06088646544166555
-189.6 0.06088526247122995
-189.4 0.06088405699028462
-189.2 0.060882848990963766
-189 0.06088163846536875
-188.8 0.06088042540556767
-188.6 0.06087920980359561
-188.4 0.060877991651454216
-188.2 0.06087677094111122
-188 0.06087554766450101
-187.8 0.060874321813523896
-187.6 0.06087309338004597
-187.4 0.06087186235589921
-187.2 0.06087062873288089
-187 0.060869392502753944
-186.8 0.060868153657246085
-186.6 0.060866912188050286
-186.4 0.06086566808682404
-186.2 0.06086442134518982
-186 0.060863171954734306
-185.8 0.06086191990700813
-185.6 0.06086066519352648
-185.4 0.06085940780576807
-185.2 0.06085814773517523
-185 0.06085688497315395
-184.8 0.06085561951107326
-184.6 0.06085435134026547
-184.4 0.060853080452025574
-184.2 0.06085180683761134
-184 0.06085053048824279
-183.8 0.06084925139510259
-183.6 0.06084796954933533
-183.4 0.06084668494204713
-183.2 0.0608453975643063
-183 0.060844107407142016
-182.8 0.06084281446154528
-182.6 0.06084151871846756
-182.4 0.06084022016882164
-182.2 0.06083891880348049
-182 0.060837614613277934
-181.8 0.060836307589007474
-181.6 0.06083499772142275
-181.4 0.06083368500123735
-181.2 0.06083236941912415
-181 0.06083105096571544
-180.8 0.06082972963160244
-180.6 0.060828405407335424
-180.4 0.06082707828342321
-180.2 0.06082574825033295
-180 0.06082441529849004
-179.8 0.06082307941827789
-179.6 0.060821740600037484
-179.4 0.06082039883406735
-179.2 0.060819054110623195
-179 0.060817706419918044
-178.8 0.06081635575212117
-178.6 0.06081500209735886
-178.4 0.06081364544571343
-178.2 0.06081228578722332
-178 0.060810923111882825
-177.8 0.060809557409641835
-177.6 0.06080818867040536
-177.4 0.0608068168840336
-177.2 0.060805442040341655
-177 0.060804064129099215
-176.8 0.060802683140029914
-176.6 0.060801299062811905
-176.4 0.06079991188707693
-176.2 0.06079852160241031
-176 0.06079712819835059
-175.8 0.060795731664389285
-175.6 0.06079433198997092
-175.4 0.06079292916449232
-175.2 0.060791523177302506
-175 0.06079011401770255
-174.8 0.06078870167494501
-174.6 0.06078728613823422
-174.4 0.06078586739672533
-174.2 0.06078444543952445
-174 0.06078302025568822
-173.8 0.06078159183422369
-173.6 0.06078016016408784
-173.4 0.06077872523418737
-173.2 0.06077728703337853
-173 0.06077584555046654
-172.8 0.060774400774205664
-172.6 0.06077295269329866
-172.4 0.06077150129639657
-172.2 0.06077004657209843
-172 0.06076858850895094
-171.8 0.060767127095448285
-171.6 0.06076566232003148
-171.4 0.06076419417108862
-171.2 0.060762722636954265
-171 0.06076124770590862
-170.8 0.060759769366178606
-170.6 0.06075828760593577
-170.4 0.06075680241329762
-170.2 0.0607553137763261
-170 0.060753821683028036
-169.8 0.06075232612135438
-169.6 0.060750827079199904
-169.4 0.060749324544403245
-169.2 0.06074781850474617
-169 0.0607463089479534
-168.8 0.06074479586169246
-168.6 0.06074327923357291
-168.4 0.06074175905114632
-168.2 0.060740235301905934
-168 0.06073870797328626
-167.8 0.060737177052662704
-167.6 0.0607356425273513
-167.4 0.06073410438460809
-167.2 0.0607325626116293
-167 0.060731017195550435
-166.8 0.06072946812344622
-166.6 0.06072791538233019
-166.4 0.06072635895915433
-166.2 0.06072479884080877
-166 0.06072323501412103
-165.8 0.060721667465856374
-165.6 0.06072009618271673
-165.4 0.06071852115134068
-165.2 0.060716942358303196
-165 0.060715359790114706
-164.8 0.06071377343322138
-164.6 0.06071218327400434
-164.4 0.06071058929877937
-164.2 0.0607089914937966
-164 0.06070738984523971
-163.8 0.06070578433922644
-163.6 0.06070417496180708
-163.4 0.06070256169896476
-163.2 0.06070094453661494
-163 0.060699323460604984
-162.8 0.06069769845671354
-162.6 0.0606960695106503
-162.4 0.0606944366080557
-162.2 0.06069279973450025
-162 0.06069115887548437
-161.8 0.06068951401643754
-161.6 0.060687865142718435
-161.4 0.06068621223961409
-161.2 0.0606845552923395
-161 0.060682894286037264
-160.8 0.06068122920577729
-160.6 0.060679560036556036
-160.4 0.060677886763296184
-160.2 0.06067620937084651
-160 0.060674527843980613
-159.8 0.06067284216739748
-159.6 0.06067115232572017
-159.4 0.060669458303495905
-159.2 0.060667760085195345
-159 0.06066605765521201
-158.8 0.06066435099786215
-158.6 0.06066264009738389
-158.4 0.060660924937937025
-158.2 0.06065920550360241
-158 0.060657481778381504
-157.8 0.060655753746195765
-157.6 0.06065402139088619
-157.4 0.0606522846962131
-157.2 0.06065054364585522
-157 0.0606487982234092
-156.8 0.060647048412389645
-156.6 0.06064529419622779
-156.4 0.060643535558271705
-156.2 0.06064177248178507
-156 0.06064000494994734
-155.8 0.06063823294585284
-155.6 0.06063645645250992
-155.4 0.060634675452841395
-155.2 0.060632889929682986
-155 0.06063109986578289
-154.8 0.06062930524380216
-154.6 0.06062750604631294
-154.4 0.0606257022557985
-154.2 0.060623893854653006
-154 0.06062208082517988
-153.8 0.06062026314959258
-153.6 0.06061844081001277
-153.4 0.0606166137884706
-153.2 0.06061478206690377
-153 0.06061294562715687
-152.8 0.060611104450980995
-152.6 0.06060925852003295
-152.4 0.06060740781587466
-152.2 0.060605552319972875
-152 0.06060369201369797
-151.8 0.06060182687832393
-151.6 0.06059995689502717
-151.4 0.06059808204488646
-151.2 0.06059620230888179
-151 0.06059431766789395
-150.8 0.060592428102703884
-150.6 0.06059053359399219
-150.4 0.060588634122337934
-150.2 0.06058672966821875
-150 0.060584820212009574
-149.8 0.06058290573398211
-149.6 0.06058098621430426
-149.4 0.060579061633039444
-149.2 0.060577131970145796
-149 0.06057519720547547
-148.8 0.06057325731877412
-148.6 0.06057131228968005
-148.4 0.06056936209772332
-148.2 0.060567406722325474
-148 0.06056544614279855
-147.8 0.06056348033834429
-147.6 0.060561509288053386
-147.4 0.06055953297090507
-147.2 0.060557551365766044
-147 0.06055556445138969
-146.8 0.06055357220641576
-146.6 0.06055157460936896
-146.4 0.06054957163865856
-146.2 0.060547563272577924
-146 0.060545549489303005
-145.8 0.06054353026689188
-145.6 0.06054150558328435
-145.4 0.06053947541630062
-145.2 0.06053743974364046
-145 0.06053539854288288
-144.8 0.06053335179148479
-144.6 0.0605312994667805
-144.4 0.06052924154598082
-144.2 0.060527178006172196
-144 0.06052510882431564
-143.8 0.06052303397724622
-143.6 0.06052095344167203
-143.4 0.060518867194173265
-143.2 0.060516775211201614
-143 0.06051467746907902
-142.8 0.06051257394399702
-142.6 0.06051046461201558
-142.4 0.06050834944906259
-142.2 0.06050622843093275
-142 0.0605041015332864
-141.8 0.06050196873164929
-141.6 0.060499830001410494
-141.4 0.06049768531782279
-141.2 0.06049553465600058
-141 0.060493377990919896
-140.8 0.06049121529741644
-140.6 0.0604890465501855
-140.4 0.06048687172378036
-140.2 0.060484690792611706
-140 0.06048250373094614
-139.8 0.06048031051290576
-139.6 0.06047811111246679
-139.4 0.060475905503458674
-139.2 0.060473693659562545
-139 0.060471475554311205
-138.8 0.0604692511610871
-138.6 0.060467020453121884
-138.4 0.0604647834034948
-138.2 0.06046253998513213
-138 0.0604602901708058
-137.8 0.06045803393313224
-137.6 0.06045577124457159
-137.4 0.0604535020774262
-137.2 0.060451226403839826
-137 0.060448944195796064
-136.8 0.060446655425117825
-136.6 0.060444360063465506
-136.4 0.06044205808233652
-136.2 0.060439749453063296
-136 0.060437434146812886
-135.8 0.060435112134585224
-135.6 0.06043278338721229
-135.4 0.06043044787535652
-135.2 0.06042810556950977
-135 0.06042575643999207
-134.8 0.06042340045695066
-134.6 0.06042103759035812
-134.4 0.060418667810011435
-134.2 0.06041629108553069
-134 0.0604139073863581
-133.8 0.060411516681755845
-133.6 0.06040911894080561
-133.4 0.06040671413240701
-133.2 0.06040430222527572
-133 0.06040188318794309
-132.8 0.06039945698875382
-132.6 0.06039702359586528
-132.4 0.060394582977245606
-132.2 0.060392135100672754
-132 0.06038967993373291
-131.8 0.060387217443818704
-131.6 0.06038474759812842
-131.4 0.06038227036366394
-131.2 0.060379785707229676
-131 0.06037729359543097
-130.8 0.06037479399467239
-130.6 0.0603722868711567
-130.4 0.060369772190882895
-130.2 0.06036724991964477
-130 0.060364720023029506
-129.8 0.06036218246641601
-129.6 0.060359637214973366
-129.4 0.060357084233659146
-129.2 0.06035452348721803
-129 0.060351954940179996
-128.8 0.06034937855685853
-128.6 0.060346794301349434
-128.4 0.06034420213752889
-128.2 0.06034160202905152
-128 0.06033899393934924
-127.8 0.06033637783162921
-127.6 0.060333753668872135
-127.4 0.060331121413830416
-127.2 0.060328481029026805
-127 0.060325832476752106
-126.8 0.06032317571906374
-126.6 0.06032051071778374
-126.4 0.06031783743449713
-126.2 0.060315155830549784
-126 0.060312465867046874
-125.8 0.060309767504850904
-125.6 0.060307060704579446
-125.4 0.06030434542660398
-125.2 0.06030162163104716
-125 0.06029888927778155
-124.8 0.06029614832642693
-124.6 0.06029339873634908
-124.4 0.06029064046665745
-124.2 0.060287873476202715
-124 0.060285097723575494
-123.8 0.06028231316710369
-123.6 0.0602795197648506
-123.4 0.060276717474613016
-123.2 0.06027390625391878
-123 0.06027108606002485
-122.8 0.06026825684991518
-122.6 0.060265418580298116
-122.4 0.060262571207604726
-122.2 0.06025971468798636
-122 0.06025684897731224
-121.8 0.06025397403116758
-121.6 0.060251089804850826
-121.4 0.06024819625337167
-121.2 0.06024529333144863
-121 0.060242380993506685
-120.8 0.060239459193674835
-120.6 0.060236527885783646
-120.4 0.06023358702336326
-120.2 0.060230636559640297
-120 0.060227676447535794
-119.8 0.06022470663966252
-119.6 0.060221727088322644
-119.4 0.060218737745505055
-119.2 0.0602157385628826
-119 0.06021272949181006
-118.8 0.06020971048332096
-118.6 0.06020668148812479
-118.4 0.0602036424566052
-118.2 0.0602005933388163
-118 0.060197534084480704
-117.8 0.06019446464298613
-117.6 0.060191384963383096
-117.4 0.06018829499438175
-117.2 0.060185194684349436
-117 0.06018208398130743
-116.8 0.06017896283292826
-116.6 0.06017583118653274
-116.4 0.06017268898908673
-116.2 0.060169536187198634
-116 0.06016637272711633
-115.8 0.06016319855472325
-115.6 0.06016001361553692
-115.4 0.060156817854704094
-115.2 0.06015361121699895
-115 0.06015039364681902
-114.8 0.06014716508818267
-114.6 0.060143925484725365
-114.4 0.06014067477969652
-114.2 0.060137412915956416
-114 0.060134139835972496
-113.8 0.060130855481816244
-113.6 0.06012755979515979
-113.4 0.060124252717272224
-113.2 0.06012093418901638
-113 0.06011760415084509
-112.8 0.06011426254279779
-112.6 0.06011090930449683
-112.4 0.060107544375144165
-112.2 0.06010416769351689
-112 0.0601007791979644
-111.8 0.060097378826404375
-111.6 0.06009396651631847
-111.4 0.060090542204749506
-111.2 0.06008710582829663
-111 0.06008365732311179
-110.8 0.0600801966248962
-110.6 0.06007672366889552
-110.4 0.060073238389896436
-110.2 0.06006974072222243
-110 0.06006623059972962
-109.8 0.060062707955802735
-109.6 0.06005917272335048
-109.4 0.0600556248348019
-109.2 0.060052064222101506
-109 0.0600484908167055
-108.8 0.06004490454957681
-108.6 0.0600413053511812
-108.4 0.06003769315148219
-108.2 0.06003406787993723
-108 0.06003042946549219
-107.8 0.060026777836577734
-107.6 0.06002311292110406
-107.4 0.06001943464645615
-107.2 0.060015742939489046
-107 0.06001203772652333
-106.8 0.06000831893333959
-106.6 0.060004586485174316
-106.4 0.060000840306713946
-106.2 0.05999708032209053
-106 0.059993306454876494
-105.8 0.059989518628079094
-105.6 0.05998571676413565
-105.4 0.059981900784907775
-105.2 0.05997807061167676
-105 0.059974226165137305
-104.8 0.05997036736539289
-104.6 0.0599664941319494
-104.4 0.059962606383710176
-104.2 0.05995870403897027
-104 0.05995478701541052
-103.8 0.05995085523009182
-103.6 0.0599469085994493
-103.4 0.05994294703928685
-103.2 0.05993897046477016
-103 0.059934978790421506
-102.8 0.05993097193011359
-102.6 0.05992694979706286
-102.4 0.05992291230382381
-102.2 0.05991885936228224
-102 0.05991479088364885
-101.8 0.05991070677845321
-101.6 0.05990660695653711
-101.4 0.059902491327047044
-101.2 0.059898359798429016
-101 0.05989421227842045
-100.8 0.059890048674044176
-100.6 0.05988586889160111
-100.4 0.0598816728366631
-100.2 0.05987746041406635
-100 0.05987323152790375
-99.8 0.05986898608151791
-99.6 0.05986472397749335
-99.4 0.05986044511764992
-99.2 0.05985614940303447
-99 0.05985183673391344
-98.8 0.05984750700976544
-98.6 0.05984316012927313
-98.4 0.059838795990315684
-98.2 0.05983441448996015
-98 0.05983001552445427
-97.8 0.05982559898921757
-97.6 0.05982116477883346
-97.4 0.05981671278704063
-97.2 0.059812242906725065
-97 0.059807755029910675
-96.8 0.05980324904775135
-96.6 0.05979872485052182
-96.4 0.05979418232760892
-96.2 0.059789621367502224
-96 0.05978504185778574
-95.8 0.05978044368512771
-95.6 0.05977582673527181
-95.4 0.05977119089302801
-95.2 0.05976653604226221
-95 0.05976186206588726
-94.8 0.05975716884585296
-94.6 0.05975245626313576
-94.4 0.0597477241977293
-94.2 0.05974297252863411
-94 0.05973820113384685
-93.8 0.0597334098903506
-93.6 0.05972859867410358
-93.4 0.05972376736002931
-93.2 0.05971891582200483
-93 0.059714043932850555
-92.8 0.05970915156431884
-92.6 0.059704238587082695
-92.4 0.059699304870724446
-92.2 0.05969435028372448
-92 0.05968937469344926
-91.8 0.0596843779661396
-91.6 0.05967935996689887
-91.4 0.05967432055968057
-91.2 0.0596692596072765
-91 0.05966417697130383
-90.8 0.05965907251219294
-90.6 0.05965394608917432
-90.4 0.059648797560266066
-90.2 0.059643626782260414
-90 0.059638433610710785
-89.8 0.05963321789991808
-89.6 0.05962797950291715
-89.4 0.059622718271463544
-89.2 0.0596174340560188
-89 0.05961212670573644
-88.8 0.059606796068448466
-88.6 0.05960144199064962
-88.4 0.059596064317483544
-88.2 0.05959066289272766
-88 0.05958523755877797
-87.8 0.05957978815663391
-87.6 0.05957431452588278
-87.4 0.059568816504684055
-87.2 0.05956329392975329
-87 0.059557746636346526
-86.8 0.05955217445824334
-86.6 0.05954657722773042
-86.4 0.059540954775585145
-86.2 0.05953530693105836
-86 0.05952963352185684
-85.8 0.05952393437412623
-85.6 0.059518209312433165
-85.4 0.05951245815974722
-85.2 0.05950668073742301
-85 0.0595008768651812
-84.8 0.05949504636109042
-84.6 0.059489189041547874
-84.4 0.05948330472126041
-84.2 0.05947739321322484
-84 0.05947145432870786
-83.8 0.05946548787722686
-83.6 0.05945949366652888
-83.4 0.059453471502570326
-83.2 0.05944742118949597
-83 0.059441342529617865
-82.8 0.0594352353233938
-82.6 0.059429099369405505
-82.4 0.05942293446433676
-82.2 0.059416740402950675
-82 0.05941051697806707
-81.8 0.05940426398053988
-81.6 0.059397981199233035
-81.4 0.05939166842099733
-81.2 0.059385325430646126
-81 0.05937895201093109
-80.8 0.05937254794251738
-80.6 0.0593661130039586
-80.4 0.0593596469716712
-80.2 0.05935314961990908
-80 0.05934662072073677
-79.8 0.05934006004400323
-79.6 0.05933346735731483
-79.4 0.05932684242600815
-79.2 0.05932018501312178
-79 0.05931349487936853
-78.8 0.05930677178310663
-78.6 0.05930001548031095
-78.4 0.05929322572454324
-78.2 0.05928640226692261
-78 0.059279544856094796
-77.8 0.05927265323820176
-77.6 0.05926572715685037
-77.4 0.0592587663530803
-77.2 0.05925177056533253
-77 0.059244739529416265
-76.8 0.05923767297847568
-76.6 0.05923057064295646
-76.4 0.059223432250571646
-76.2 0.05921625752626688
-76 0.0592090461921852
-75.8 0.059201797967631156
-75.6 0.059194512569034574
-75.4 0.05918718970991391
-75.2 0.05917982910083842
-75 0.059172430449390495
-74.8 0.05916499346012668
-74.6 0.05915751783453892
-74.4 0.059150003271014516
-74.2 0.05914244946479542
-74 0.05913485610793764
-73.8 0.059127222889269186
-73.6 0.05911954949434805
-73.4 0.05911183560541864
-73.2 0.05910408090136853
-73 0.05909628505768385
-72.8 0.059088447746404114
-72.6 0.059080568636076455
-72.4 0.05907264739170901
-72.2 0.05906468367472378
-72 0.059056677142908104
-71.8 0.05904862745036641
-71.6 0.05904053424746983
-71.4 0.05903239718080669
-71.2 0.05902421589313026
-71 0.059015990023307124
-70.8 0.05900771920626446
-70.6 0.05899940307293558
-70.4 0.05899104125020598
-70.2 0.058982633360856865
-70 0.05897417902350939
-69.8 0.058965677852566824
-69.6 0.058957129458155996
-69.4 0.05894853344606818
-69.2 0.058939889417698677
-69 0.058931196969985306
-68.8 0.058922455695345814
-68.6 0.05891366518161492
-68.4 0.058904825011979016
-68.2 0.058895934764911485
-68 0.058886994014104736
-67.8 0.05887800232840335
-67.6 0.05886895927173467
-67.4 0.058859864403038115
-67.2 0.05885071727619461
-67 0.05884151743995302
-66.8 0.058832264437856795
-66.6 0.05882295780816854
-66.4 0.058813597083793516
-66.2 0.05880418179220189
-66 0.05879471145534904
-65.8 0.058785185589596
-65.6 0.05877560370562605
-65.4 0.05876596530836243
-65.2 0.058756269896882575
-65 0.05874651696433225
-64.8 0.05873670599783744
-64.6 0.058726836478414174
-64.4 0.058716907880878404
-64.2 0.058706919673752266
-64 0.05869687131917036
-63.8 0.05868676227278288
-63.6 0.05867659198365826
-63.4 0.058666359894183354
-63.2 0.058656065439961456
-63 0.058645708049709845
-62.8 0.05863528714515357
-62.6 0.058624802140918995
-62.4 0.05861425244442428
-62.2 0.058603637455768055
-62 0.05859295656761664
-61.8 0.05858220916508817
-61.6 0.05857139462563551
-61.4 0.05856051231892624
-61.2 0.0585495616067211
-61 0.058538541842749044
-60.8 0.058527452372581244
-60.6 0.058516292533502
-60.4 0.058505061654376835
-60.2 0.05849375905551936
-60 0.0584823840485538
-59.8 0.05847093593627651
-59.6 0.058459414012513825
-59.4 0.05844781756197771
-59.2 0.058436145860118166
-59 0.05842439817297291
-58.8 0.05841257375701473
-58.6 0.05840067185899458
-58.4 0.05838869171578312
-58.2 0.058376632554207525
-58 0.058364493590886475
-57.8 0.05835227403206126
-57.6 0.058339973073423174
-57.4 0.05832758989993816
-57.2 0.05831512368566773
-57 0.05830257359358569
-56.8 0.05828993877539215
-56.6 0.05827721837132316
-56.4 0.05826441150995629
-56.2 0.05825151730801313
-56 0.058238534870156636
-55.8 0.05822546328878526
-55.6 0.05821230164382238
-55.4 0.0581990490025012
-55.2 0.0581857044191457
-55 0.058172266934946835
-54.8 0.05815873557773409
-54.6 0.05814510936174146
-54.4 0.05813138728737046
-54.2 0.05811756834094562
-54 0.05810365149446733
-53.8 0.058089635705357176
-53.6 0.05807551991619945
-53.4 0.05806130305447653
-53.2 0.05804698403229858
-53 0.05803256174612724
-52.8 0.05801803507649395
-52.6 0.058003402887711615
-52.4 0.057988664027580177
-52.2 0.0579738173270858
-52 0.05795886160009344
-51.8 0.05794379564303259
-51.6 0.05792861823457609
-51.4 0.057913328135312095
-51.2 0.057897924087408154
-51 0.05788240481426831
-50.8 0.057866769020182555
-50.6 0.057851015389967904
-50.4 0.05783514258860192
-50.2 0.05781914926084716
-50 0.057803034030868554
-49.8 0.05778679550184003
-49.6 0.057770432255543944
-49.4 0.05775394285196028
-49.2 0.05773732582884638
-49 0.057720579701307846
-48.8 0.05770370296135797
-48.6 0.05768669407746815
-48.4 0.05766955149410754
-48.2 0.05765227363127089
-48 0.057634858883996734
-47.8 0.05761730562187294
-47.6 0.05759961218853094
-47.4 0.057581776901127986
-47.2 0.057563798049817025
-47 0.057545673897202824
-46.8 0.05752740267778686
-46.6 0.057508982597396514
-46.4 0.057490411832602124
-46.2 0.057471688530118754
-46 0.05745281080619357
-45.8 0.05743377674597789
-45.6 0.05741458440288426
-45.4 0.05739523179792666
-45.2 0.057375716919044764
-45 0.05735603772041136
-44.8 0.05733619212172169
-44.6 0.057316178007465524
-44.4 0.05729599322618006
-44.2 0.05727563558968467
-44 0.05725510287229421
-43.8 0.05723439281001494
-43.6 0.05721350309971697
-43.4 0.0571924313982862
-43.2 0.05717117532175478
-43 0.05714973244440797
-42.8 0.05712810029786768
-42.6 0.05710627637015189
-42.4 0.057084258104709705
-42.2 0.057062042899428705
-42 0.05703962810561875
-41.8 0.057017011026965665
-41.6 0.056994188918458456
-41.4 0.056971158985286555
-41.2 0.05694791838170716
-41 0.05692446420988197
-40.8 0.05690079351868113
-40.6 0.05687690330245538
-40.4 0.056852790499772786
-40.2 0.05682845199212099
-40 0.05680388460257296
-39.8 0.0567790850944157
-39.6 0.056754050169738786
-39.4 0.05672877646798477
-39.2 0.05670326056445633
-39 0.05667749896878228
-38.8 0.056651488123337916
-38.6 0.05662522440162071
-38.4 0.05659870410657847
-38.2 0.05657192346888839
-38 0.05654487864518579
-37.8 0.056517565716240545
-37.6 0.056489980685079676
-37.4 0.056462119475053356
-37.2 0.05643397792784405
-37 0.05640555180141448
-36.8 0.05637683676789468
-36.6 0.05634782841140433
-36.4 0.056318522225808305
-36.2 0.05628891361240385
-36 0.05625899787753618
-35.8 0.05622877023013995
-35.6 0.056198225779204455
-35.4 0.056167359531158964
-35.2 0.05613616638717638
-35 0.05610464114039055
-34.8 0.056072778473025955
-34.6 0.05604057295343529
-34.4 0.05600801903304123
-34.2 0.05597511104318009
-34 0.05594184319184258
-33.8 0.055908209560307745
-33.6 0.055874204099666896
-33.4 0.05583982062723239
-33.2 0.05580505282282672
-33 0.0557698942249484
-32.8 0.05573433822680898
-32.6 0.055698378072235585
-32.4 0.055662006851434985
-32.2 0.05562521749661274
-32 0.055588002777442067
-31.8 0.05555035529637591
-31.6 0.05551226748379648
-31.4 0.05547373159299546
-31.2 0.055434739694977225
-31 0.05539528367307929
-30.8 0.055355355217400745
-30.6 0.055314945819032596
-30.4 0.05527404676407866
-30.2 0.055232649127462626
-30 0.05519074376650785
-29.8 0.05514832131428297
-29.6 0.055105372172702276
-29.4 0.055061886505370035
-29.2 0.05501785423015903
-29 0.05497326501150944
-28.8 0.05492810825243813
-28.6 0.05488237308624392
-28.4 0.05483604836789569
-28.2 0.054789122665090145
-28 0.054741584248962825
-27.8 0.05469342108443732
-27.6 0.054644620820196645
-27.4 0.05459517077825901
-27.2 0.05454505794313892
-27 0.05449426895057637
-26.8 0.054442790075811515
-26.6 0.05439060722138532
-26.4 0.05433770590444259
-26.2 0.05428407124351411
-26 0.05422968794475248
-25.8 0.05417454028759633
-25.6 0.05411861210983266
-25.4 0.05406188679203113
-25.2 0.054004347241316204
-25 0.05394597587444618
-24.8 0.05388675460016353
-24.6 0.053826664800780175
-24.4 0.05376568731295852
-24.2 0.053703802407647626
-24 0.05364098976913065
-23.8 0.053577228473137034
-23.6 0.0535124969639718
-23.4 0.053446773030609525
-23.2 0.05338003378169708
-23 0.05331225561940919
-22.8 0.053243414212092936
-22.6 0.05317348446563668
-22.4 0.05310244049349365
-22.2 0.053030255585285735
-22 0.05295690217390888
-21.8 0.05288235180105779
-21.6 0.05280657508107733
-21.4 0.05272954166305047
-21.2 0.05265122019101788
-21 0.052571578262223646
-20.8 0.05249058238327208
-20.6 0.05240819792407247
-20.4 0.052324389069441986
-20.2 0.052239118768227594
-20 0.05215234867979675
-19.8 0.05206403911773897
-19.6 0.051974148990608156
-19.4 0.05188263573952196
-19.2 0.05178945527242556
-19 0.05169456189480897
-18.8 0.05159790823665613
-18.6 0.051499445175383615
-18.4 0.051399121754513936
-18.2 0.051296885097805146
-18 0.05119268031854169
-17.8 0.051086450423665386
-17.6 0.05097813621240611
-17.4 0.050867676169040754
-17.2 0.05075500634938396
-17 0.05064006026058242
-16.8 0.050522768733751104
-16.6 0.05040305978895238
-16.4 0.05028085849198155
-16.2 0.050156086802376855
-16 0.05002866341202607
-15.8 0.04989850357369197
-15.6 0.04976551891871849
-15.4 0.049629617263123704
-15.2 0.0494907024012152
-15 0.04934867388579045
-14.8 0.049203426793907594
-14.6 0.049054851477119896
-14.4 0.04890283329497454
-14.2 0.048747252330468956
-14 0.04858798308604389
-13.8 0.04842489415856067
-13.6 0.04825784789157712
-13.4 0.04808670000307585
-13.2 0.04791129918663327
-13 0.04773148668383013
-12.8 0.04754709582549723
-12.6 0.04735795153916538
-12.4 0.047163869819837285
-12.2 0.0469646571609232
-12 0.04676010994187726
-11.8 0.046550013768736596
-11.6 0.04633414276339257
-11.4 0.04611225879701487
-11.2 0.04588411066259763
-11 0.04564943318109901
-10.8 0.04540794623509591
-10.6 0.04515935372327622
-10.4 0.044903342428426744
-10.2 0.04463958079085434
-10 0.04436771757838934
-9.8 0.04408738044326729
-9.6 0.04379817435526605
-9.4 0.043499679899497594
-9.2 0.04319145142622188
-9 0.04287301503899033
-8.8 0.042543866406353936
-8.6 0.042203468381347316
-8.4 0.04185124841203384
-8.2 0.04148659572568717
-8 0.04110885826881974
-7.8 0.04071733938547019
-7.6 0.04031129421722181
-7.4 0.039889925810759674
-7.2 0.03945238092297559
-7 0.03899774552048455
-6.8 0.03852503998102193
-6.6 0.0380332140199669
-6.4 0.037521141388033225
-6.2 0.036987614418237266
-6 0.03643133854415237
-5.8 0.03585092696964534
-5.6 0.03524489574417511
-5.4 0.03461165958559694
-5.2 0.0339495288852886
-5 0.03325670840400851
-4.8 0.0325312981662076
-4.6 0.03177129687023394
-4.4 0.03097460751796846
-4.2 0.030139043457596142
-4 0.029262329663959006
-3.8 0.028342086872689007
-3.6 0.027375771210857616
-3.4 0.02636051265188546
-3.2 0.02529274722672279
-3 0.024167496286146537
-2.8 0.022977256028376435
-2.6 0.021711085536713484
-2.4 0.02035631815431638
-2.2 0.018895254577348766
-2 0.01733724630193108
-1.8 0.015690144932351897
-1.6 0.01397814656697383
-1.4 0.012227085535284243
-1.2 0.010464097985109387
-1 0.00872249945463658
-0.8 0.007048843929134794
-0.6 0.0055107825329726206
-0.4 0.004205955454741562
-0.2 0.0032729929973532366
0 0.0029063103890572227
0.2 0.003377291991671197
0.4 0.005065790022540926
0.6 0.008506539222990796
0.8 0.014451946160519556
1 0.02393935652669739
1.2 0.03831667268467333
1.4 0.05911381994296048
1.6 0.08756186735786545
1.8 0.12356434691877557
2 0.16430242879425785
2.2 0.20363620073586255
2.4 0.23395280160433274
2.6 0.24947631774718407
2.8 0.25141903455326536
3 0.24389816239515869
3.2 0.23051647776197798
3.4 0.21499184336314606
3.6 0.2003671921918432
3.8 0.18735953348099327
4 0.1760503166271587
4.2 0.16629030029580358
4.4 0.15786847215874314
4.6 0.15057683747191777
4.8 0.14423195705757227
5 0.13867927385885548
5.2 0.13379111635318253
5.4 0.1294628223265316
5.6 0.1256087113223741
5.8 0.1221585057039853
6 0.11905434497904259
6.2 0.11624836635778107
6.4 0.11370077024103463
6.6 0.11137828165171602
6.8 0.10925292765750899
7 0.10730106430878587
7.2 0.10550259979607556
7.4 0.10384037185378187
7.6 0.1022996466248997
7.8 0.10086771345214943
8 0.09953355570441874
8.2 0.09828758211325203
8.4 0.09712140646583016
8.6 0.09602766610704215
8.8 0.09499987172231288
9 0.09403228244186795
9.2 0.09311980153064014
9.4 0.09225788888554247
9.6 0.09144248731391715
9.8 0.090669960159821
10 0.08993703831381936
10.2 0.08924077501432437
10.4 0.08857850714519425
10.6 0.08794782197154456
10.8 0.08734652844609715
11 0.08677263237172567
11.2 0.08622431482980025
11.4 0.08569991338449469
11.6 0.08519790565510779
11.8 0.08471689491538592
12 0.08425559743373368
12.2 0.0838128313134171
12.4 0.08338750662921397
12.6 0.08297861668795141
12.8 0.08258523026615329
13 0.08220648469955366
13.2 0.0818415797172734
13.4 0.0814897719286276
13.6 0.08115036988332536
13.8 0.08082272963664813
14 0.08050625076037694
14.2 0.08020037274806573
14.4 0.07990457176992002
14.6 0.07961835773826846
14.8 0.07934127164950538
15 0.07907288317261339
15.2 0.07881278845800666
15.4 0.0785606081435931
15.6 0.07831598553767458
15.8 0.07807858496068126
16 0.077848090229802
16.2 0.07762420327236857
16.4 0.07740664285543565
16.6 0.077195143420372
16.8 0.07698945401249677
17 0.07678933729685616
17.2 0.07659456865217898
17.4 0.07640493533587686
17.6 0.07622023571368995
17.8 0.07604027854822848
18 0.07586488234123577
18.2 0.0756938747249123
18.4 0.07552709189809576
18.6 0.07536437810349829
18.8 0.07520558514256456
19 0.07505057192483935
19.2 0.07489920404902378
19.4 0.07475135341315796
19.6 0.07460689785160314
19.8 0.07446572079670563
20 0.07432771096321279
20.2 0.07419276205368343
20.4 0.07406077248328587
20.6 0.07393164512251756
20.8 0.07380528705650498
21 0.07368160935965462
21.2 0.07356052688452987
21.4 0.07344195806392216
21.6 0.07332582472516704
21.8 0.07321205191583584
22 0.07310056774000032
22.2 0.0729913032043346
22.4 0.07288419207337325
22.6 0.072779170733301
22.8 0.07267617806369439
23 0.07257515531668332
23.2 0.07247604600303702
23.4 0.07237879578472026
23.6 0.0722833523734964
23.8 0.07218966543518542
24 0.07209768649921558
24.2 0.07200736887313137
24.4 0.07191866756174552
24.6 0.07183153919064554
24.8 0.07174594193378406
25 0.07166183544490339
25.2 0.0715791807925602
25.4 0.07149794039853229
25.6 0.07141807797940684
25.8 0.07133955849115847
26 0.07126234807654357
26.2 0.07118641401514417
26.4 0.0711117246759095
26.6 0.07103824947204973
26.8 0.07096595881814928
27 0.0708948240893731
27.2 0.07082481758264801
27.4 0.07075591247971012
27.6 0.07068808281191387
27.8 0.07062130342670578
28 0.07055554995567402
28.2 0.07049079878408573
28.4 0.07042702702183427
28.6 0.0703642124757202
28.8 0.07030233362299589
29 0.0702413695861066
29.2 0.07018130010856642
29.4 0.07012210553190927
29.6 0.07006376677366111
29.8 0.07000626530627871
30 0.06994958313700919
30.2 0.06989370278862046
30.4 0.06983860728096185
30.6 0.0697842801133115
30.8 0.06973070524747357
31 0.06967786709158647
31.2 0.06962575048460888
31.4 0.06957434068145064
31.6 0.0695236233387167
31.8 0.0694735845010357
32 0.06942421058794475
32.2 0.06937548838130472
32.4 0.0693274050132212
32.6 0.06927994795444643
32.8 0.06923310500324259
33 0.06918686427468128
33.2 0.06914121419036391
33.4 0.06909614346853969
33.6 0.06905164111460609
33.8 0.06900769641197381
34 0.06896429891327892
34.2 0.06892143843192892
34.4 0.06887910503396638
34.6 0.0688372890302367
34.8 0.06879598096884722
35 0.06875517162790473
35.2 0.06871485200851882
35.4 0.06867501332806177
35.6 0.06863564701367107
35.8 0.06859674469598732
36 0.06855829820311599
36.2 0.06852029955480297
36.4 0.06848274095681821
36.6 0.06844561479553467
36.8 0.06840891363269856
37 0.06837263020037991
37.2 0.06833675739609808
37.4 0.06830128827811481
37.6 0.06826621606088776
37.8 0.06823153411067787
38 0.06819723594130613
38.2 0.0681633152100512
38.4 0.0681297657136847
38.6 0.06809658138463848
38.8 0.06806375628729666
39 0.06803128461441087
39.2 0.06799916068363167
39.4 0.0679673789341522
39.6 0.06793593392346085
39.8 0.06790482032419713
40 0.06787403292110825
40.2 0.06784356660810255
40.4 0.06781341638539523
40.6 0.06778357735674355
40.8 0.06775404472676985
41 0.06772481379836545
41.2 0.0676958799701757
41.4 0.06766723873416317
41.6 0.06763888567324351
41.8 0.06761081645899443
42 0.06758302684943357
42.2 0.06755551268686301
42.4 0.06752826989577852
42.6 0.06750129448084088
42.8 0.06747458252490734
43 0.06744813018712129
43.2 0.06742193370105692
43.4 0.06739598937291993
43.6 0.06737029357979842
43.8 0.06734484276796542
44 0.06731963345122983
44.2 0.06729466220933489
44.4 0.06726992568640174
44.6 0.06724542058941681
44.8 0.06722114368676302
45 0.06719709180679102
45.2 0.0671732618364304
45.4 0.06714965071984003
45.6 0.06712625545709532
45.8 0.06710307310291178
46 0.06708010076540326
46.2 0.0670573356048741
46.4 0.06703477483264422
46.6 0.06701241570990601
46.8 0.06699025554661128
47 0.06696829170038894
47.2 0.0669465215754906
47.4 0.06692494262176484
47.6 0.06690355233365797
47.8 0.06688234824924154
48 0.06686132794926462
48.2 0.06684048905623169
48.4 0.06681982923350345
48.6 0.06679934618442138
48.8 0.06677903765145474
49 0.06675890141536953
49.2 0.06673893529441768
49.4 0.06671913714354842
49.6 0.06669950485363799
49.8 0.0666800363507397
50 0.06666072959535208
50.2 0.06664158258170626
50.4 0.06662259333706971
50.6 0.06660375992106811
50.8 0.06658508042502383
51 0.06656655297131003
51.2 0.06654817571272159
51.4 0.06652994683185993
51.6 0.06651186454053379
51.8 0.06649392707917422
52 0.06647613271626354
52.2 0.06645847974777742
52.4 0.06644096649664132
52.6 0.06642359131219899
52.8 0.0664063525696936
53 0.06638924866976159
53.2 0.06637227803793766
53.4 0.06635543912417209
53.6 0.06633873040235834
53.8 0.06632215036987238
54 0.06630569754712244
54.2 0.06628937047710912
54.4 0.06627316772499506
54.6 0.06625708787768508
54.8 0.06624112954341559
55 0.0662252913513533
55.2 0.06620957195120304
55.4 0.0661939700128239
55.6 0.06617848422585522
55.8 0.06616311329934896
56 0.06614785596141205
56.2 0.06613271095885567
56.4 0.06611767705685256
56.6 0.06610275303860197
56.8 0.0660879377050012
57 0.06607322987432528
57.2 0.06605862838191318
57.4 0.0660441320798604
57.6 0.06602973983671923
57.8 0.06601545053720403
58 0.06600126308190407
58.2 0.06598717638700184
58.4 0.06597318938399756
58.6 0.065959301019439
58.8 0.0659455102546582
59 0.06593181606551236
59.2 0.06591821744213114
59.4 0.06590471338866825
59.6 0.06589130292305954
59.8 0.06587798507678506
60 0.06586475889463585
60.2 0.06585162343448679
60.4 0.065838577767073
60.6 0.06582562097577076
60.8 0.06581275215638385
61 0.06579997041693326
61.2 0.06578727487745178
61.4 0.06577466466978198
61.6 0.06576213893737927
61.8 0.06574969683511835
62 0.06573733752910316
62.2 0.06572506019648104
62.4 0.06571286402526098
62.6 0.06570074821413448
62.8 0.06568871197230082
63 0.06567675451929507
63.2 0.06566487508482015
63.4 0.06565307290858141
63.6 0.06564134724012495
63.8 0.06562969733867931
64 0.06561812247299914
64.2 0.06560662192121322
64.4 0.06559519497067433
64.6 0.06558384091781234
64.8 0.06557255906799096
65 0.06556134873536519
65.2 0.06555020924274381
65.4 0.06553913992145248
65.6 0.06552814011120105
65.8 0.06551720915995185
66 0.06550634642379205
66.2 0.06549555126680645
66.4 0.06548482306095477
66.6 0.06547416118594951
66.8 0.06546356502913685
67 0.06545303398537974
67.2 0.06544256745694306
67.4 0.06543216485338037
67.6 0.06542182559142361
67.8 0.06541154909487443
68 0.06540133479449708
68.2 0.06539118212791385
68.4 0.06538109053950168
68.6 0.06537105948029194
68.8 0.06536108840787051
69 0.06535117678628019
69.2 0.06534132408592537
69.4 0.06533152978347749
69.6 0.06532179336178327
69.8 0.06531211430977311
70 0.0653024921223726
70.2 0.06529292630041467
70.4 0.06528341635055342
70.6 0.06527396178517945
70.8 0.06526456212233729
71 0.06525521688564292
71.2 0.0652459256042042
71.4 0.06523668781254174
71.6 0.06522750305051124
71.8 0.06521837086322735
72 0.06520929080098925
72.2 0.06520026241920616
72.4 0.06519128527832586
72.6 0.06518235894376297
72.8 0.06517348298582921
73 0.06516465697966467
73.2 0.06515588050517016
73.4 0.0651471531469409
73.6 0.06513847449420068
73.8 0.06512984414073841
74 0.06512126168484401
74.2 0.06511272672924685
74.4 0.06510423888105453
74.6 0.06509579775169254
74.8 0.0650874029568455
75 0.06507905411639847
75.2 0.06507075085438034
75.4 0.06506249279890704
75.6 0.06505427958212644
75.8 0.06504611084016379
76 0.06503798621306832
76.2 0.06502990534476027
76.4 0.06502186788297892
76.6 0.06501387347923197
76.8 0.06500592178874504
77 0.06499801247041236
77.2 0.06499014518674767
77.4 0.06498231960383716
77.6 0.06497453539129153
77.8 0.06496679222220053
78 0.06495908977308638
78.2 0.06495142772385928
78.4 0.06494380575777346
78.6 0.06493622356138322
78.8 0.06492868082450022
79 0.06492117724015124
79.2 0.06491371250453712
79.4 0.06490628631699102
79.6 0.06489889837993873
79.8 0.06489154839885909
80 0.06488423608224472
80.2 0.06487696114156372
80.4 0.06486972329122136
80.6 0.06486252224852371
80.8 0.06485535773364028
81 0.06484822946956796
81.2 0.06484113718209551
81.4 0.06483408059976839
81.6 0.0648270594538544
81.8 0.06482007347830954
82 0.0648131224097446
82.2 0.06480620598739181
82.4 0.06479932395307267
82.6 0.06479247605116581
82.8 0.06478566202857565
83 0.06477888163470073
83.2 0.06477213462140353
83.4 0.06476542074298036
83.6 0.06475873975613096
83.8 0.0647520914199301
84 0.06474547549579812
84.2 0.06473889174747238
84.4 0.06473233994097959
84.6 0.06472581984460805
84.8 0.06471933122888028
85 0.0647128738665262
85.2 0.06470644753245662
85.4 0.06470005200373742
85.6 0.06469368705956359
85.8 0.06468735248123383
86 0.06468104805212593
86.2 0.06467477355767154
86.4 0.06466852878533257
86.6 0.06466231352457683
86.8 0.0646561275668544
87 0.06464997070557459
87.2 0.06464384273608302
87.4 0.06463774345563862
87.6 0.06463167266339184
87.8 0.06462563016036224
88 0.06461961574941705
88.2 0.06461362923524973
88.4 0.06460767042435889
88.6 0.0646017391250274
88.8 0.06459583514730188
89 0.06458995830297265
89.2 0.0645841084055538
89.4 0.06457828527026296
89.6 0.0645724887140028
89.8 0.06456671855534125
90 0.0645609746144926
90.2 0.06455525671329922
90.4 0.06454956467521293
90.6 0.06454389832527697
90.8 0.06453825749010811
91 0.06453264199787914
91.2 0.06452705167830107
91.4 0.06452148636260635
91.6 0.0645159458835319
91.8 0.06451043007530208
92 0.06450493877361244
92.2 0.06449947181561369
92.4 0.06449402903989493
92.6 0.06448861028646849
92.8 0.06448321539675406
93 0.06447784421356301
93.2 0.06447249658108371
93.4 0.06446717234486585
93.6 0.06446187135180613
93.8 0.06445659345013308
94 0.06445133848939369
94.2 0.06444610632043753
94.4 0.06444089679540405
94.6 0.06443570976770807
94.8 0.06443054509202614
95 0.064425402624283
95.2 0.0644202822216384
95.4 0.0644151837424735
95.6 0.06441010704637838
95.8 0.06440505199413864
96 0.06440001844772307
96.2 0.06439500627027088
96.4 0.06439001532607978
96.6 0.0643850454805931
96.8 0.06438009660038808
97 0.06437516855316405
97.2 0.06437026120773062
97.4 0.06436537443399572
97.6 0.06436050810295452
97.8 0.06435566208667814
98 0.06435083625830217
98.2 0.06434603049201566
98.4 0.06434124466305062
98.6 0.06433647864767056
98.8 0.0643317323231605
99 0.06432700556781608
99.2 0.06432229826093336
99.4 0.06431761028279842
99.6 0.06431294151467751
99.8 0.0643082918388064
100 0.06430366113838146
100.2 0.06429904929754912
100.4 0.06429445620139657
100.6 0.06428988173594213
100.8 0.06428532578812586
101 0.06428078824580037
101.2 0.06427626899772158
101.4 0.06427176793353936
101.6 0.06426728494378928
101.8 0.06426281991988267
102 0.06425837275409914
102.2 0.06425394333957696
102.4 0.06424953157030491
102.6 0.06424513734111373
102.8 0.06424076054766802
103 0.06423640108645759
103.2 0.06423205885478978
103.4 0.06422773375078096
103.6 0.06422342567334892
103.8 0.06421913452220485
104 0.06421486019784553
104.2 0.064210602601546
104.4 0.06420636163535141
104.6 0.06420213720206999
104.8 0.06419792920526537
105 0.06419373754924947
105.2 0.06418956213907509
105.4 0.06418540288052882
105.6 0.06418125968012384
105.8 0.06417713244509347
106 0.06417302108338335
106.2 0.0641689255036454
106.4 0.06416484561523068
106.6 0.06416078132818276
106.8 0.06415673255323127
107 0.06415269920178515
107.2 0.06414868118592655
107.4 0.06414467841840403
107.6 0.06414069081262654
107.8 0.06413671828265699
108 0.0641327607432065
108.2 0.06412881810962766
108.4 0.06412489029790899
108.6 0.06412097722466897
108.8 0.06411707880715004
109 0.06411319496321254
109.2 0.06410932561132923
109.4 0.06410547067057994
109.6 0.06410163006064498
109.8 0.06409780370180058
110 0.0640939915149128
110.2 0.06409019342143202
110.4 0.06408640934338827
110.6 0.06408263920338485
110.8 0.0640788829245939
111 0.06407514043075097
111.2 0.06407141164614961
111.4 0.06406769649563666
111.6 0.06406399490460678
111.8 0.06406030679899792
112 0.0640566321052862
112.2 0.06405297075048064
112.4 0.06404932266211918
112.6 0.06404568776826329
112.8 0.064042065997493
113 0.0640384572789032
113.2 0.06403486154209802
113.4 0.06403127871718703
113.6 0.06402770873478
113.8 0.06402415152598309
114 0.06402060702239408
114.2 0.06401707515609802
114.4 0.06401355585966276
114.6 0.06401004906613507
114.8 0.06400655470903618
115 0.06400307272235743
115.2 0.06399960304055635
115.4 0.06399614559855238
115.6 0.06399270033172312
115.8 0.06398926717589987
116 0.06398584606736385
116.2 0.06398243694284249
116.4 0.0639790397395052
116.6 0.0639756543949597
116.8 0.06397228084724814
117 0.06396891903484336
117.2 0.06396556889664502
117.4 0.06396223037197622
117.6 0.06395890340057948
117.8 0.06395558792261356
118 0.06395228387864907
118.2 0.06394899120966605
118.4 0.06394570985704949
118.6 0.06394243976258655
118.8 0.06393918086846251
119 0.06393593311725795
119.2 0.06393269645194476
119.4 0.06392947081588349
119.6 0.06392625615281951
119.8 0.06392305240688001
120 0.0639198595225709
120.2 0.06391667744477296
120.4 0.06391350611873957
120.6 0.06391034549009303
120.8 0.06390719550482152
121 0.06390405610927599
121.2 0.06390092725016726
121.4 0.06389780887456308
121.6 0.06389470092988483
121.8 0.06389160336390491
122 0.06388851612474374
122.2 0.06388543916086646
122.4 0.06388237242108087
122.6 0.0638793158545335
122.8 0.0638762694107082
123 0.06387323303942208
123.2 0.06387020669082338
123.4 0.06386719031538875
123.6 0.0638641838639204
123.8 0.06386118728754335
124 0.06385820053770305
124.2 0.06385522356616265
124.4 0.0638522563250002
124.6 0.0638492987666064
124.8 0.06384635084368194
125 0.06384341250923495
125.2 0.06384048371657826
125.4 0.0638375644193277
125.6 0.06383465457139871
125.8 0.06383175412700451
126 0.06382886304065359
126.2 0.0638259812671471
126.4 0.06382310876157694
126.6 0.06382024547932295
126.8 0.06381739137605107
127 0.06381454640771068
127.2 0.0638117105305324
127.4 0.06380888370102611
127.6 0.0638060658759782
127.8 0.06380325701245033
128 0.06380045706777598
128.2 0.06379766599955937
128.4 0.06379488376567266
128.6 0.0637921103242543
128.8 0.06378934563370652
129 0.06378658965269356
129.2 0.06378384234013945
129.4 0.06378110365522592
129.6 0.0637783735573908
129.8 0.06377565200632519
130 0.0637729389619725
130.2 0.06377023438452575
130.4 0.06376753823442566
130.6 0.06376485047235934
130.8 0.06376217105925759
131 0.06375949995629367
131.2 0.0637568371248809
131.4 0.0637541825266711
131.6 0.06375153612355272
131.8 0.06374889787764894
132 0.0637462677513162
132.2 0.0637436457071417
132.4 0.0637410317079423
132.6 0.06373842571676241
132.8 0.06373582769687251
133 0.06373323761176716
133.2 0.06373065542516346
133.4 0.06372808110099924
133.6 0.06372551460343152
133.8 0.06372295589683487
134 0.06372040494579943
134.2 0.06371786171512975
134.4 0.06371532616984285
134.6 0.06371279827516664
134.8 0.06371027799653871
135 0.06370776529960408
135.2 0.06370526015021431
135.4 0.06370276251442536
135.6 0.06370027235849664
135.8 0.06369778964888909
136 0.0636953143522638
136.2 0.06369284643548055
136.4 0.06369038586559632
136.6 0.06368793260986369
136.8 0.06368548663572965
137 0.06368304791083408
137.2 0.06368061640300791
137.4 0.06367819208027246
137.6 0.06367577491083748
137.8 0.06367336486309987
138 0.06367096190564235
138.2 0.06366856600723227
138.4 0.06366617713681995
138.6 0.0636637952635376
138.8 0.0636614203566976
139 0.06365905238579186
139.2 0.06365669132048983
139.4 0.0636543371306376
139.6 0.06365198978625639
139.8 0.06364964925754166
140 0.0636473155148613
140.2 0.06364498852875479
140.4 0.06364266826993188
140.6 0.0636403547092713
140.8 0.06363804781781948
141 0.06363574756678958
141.2 0.06363345392756002
141.4 0.06363116687167357
141.6 0.06362888637083577
141.8 0.06362661239691428
142 0.0636243449219372
142.2 0.06362208391809249
142.4 0.0636198293577265
142.6 0.06361758121334248
142.8 0.06361533945760024
143 0.06361310406331472
143.2 0.06361087500345446
143.4 0.06360865225114118
143.6 0.06360643577964825
143.8 0.06360422556240013
144 0.06360202157297042
144.2 0.0635998237850816
144.4 0.06359763217260385
144.6 0.06359544670955383
144.8 0.06359326737009352
145 0.06359109412852974
145.2 0.06358892695931245
145.4 0.06358676583703443
145.6 0.06358461073642972
145.8 0.06358246163237305
146 0.0635803184998786
146.2 0.06357818131409917
146.4 0.06357605005032506
146.6 0.06357392468398354
146.8 0.06357180519063726
147 0.06356969154598378
147.2 0.06356758372585466
147.4 0.06356548170621419
147.6 0.06356338546315887
147.8 0.06356129497291613
148 0.0635592102118439
148.2 0.06355713115642904
148.4 0.06355505778328735
148.6 0.0635529900691618
148.8 0.06355092799092232
149 0.06354887152556447
149.2 0.06354682065020917
149.4 0.06354477534210098
149.6 0.06354273557860812
149.8 0.06354070133722121
150 0.0635386725955525
150.2 0.06353664933133507
150.4 0.06353463152242182
150.6 0.06353261914678529
150.8 0.06353061218251599
151 0.06352861060782224
151.2 0.06352661440102912
151.4 0.06352462354057781
151.6 0.06352263800502461
151.8 0.06352065777304057
152 0.06351868282341029
152.2 0.06351671313503121
152.4 0.06351474868691329
152.6 0.0635127894581778
152.8 0.06351083542805684
153 0.06350888657589225
153.2 0.06350694288113556
153.4 0.06350500432334658
153.6 0.06350307088219304
153.8 0.06350114253744972
154 0.06349921926899797
154.2 0.06349730105682483
154.4 0.06349538788102226
154.6 0.06349347972178673
154.8 0.06349157655941824
155 0.06348967837431976
155.2 0.06348778514699684
155.4 0.0634858968580563
155.6 0.06348401348820619
155.8 0.06348213501825489
156 0.06348026142911023
156.2 0.06347839270177937
156.4 0.06347652881736777
156.6 0.06347466975707852
156.8 0.06347281550221204
157 0.06347096603416495
157.2 0.06346912133442999
157.4 0.06346728138459509
157.6 0.0634654461663431
157.8 0.06346361566145022
158 0.06346178985178676
158.2 0.06345996871931549
158.4 0.06345815224609178
158.6 0.0634563404142622
158.8 0.06345453320606485
159 0.06345273060382786
159.2 0.06345093258996976
159.4 0.06344913914699807
159.6 0.06344735025750922
159.8 0.0634455659041878
160 0.06344378606980622
160.2 0.06344201073722383
160.4 0.06344023988938663
160.6 0.06343847350932649
160.8 0.06343671158016095
161 0.06343495408509238
161.2 0.06343320100740749
161.4 0.06343145233047699
161.6 0.0634297080377548
161.8 0.06342796811277782
162 0.06342623253916514
162.2 0.06342450130061761
162.4 0.06342277438091741
162.6 0.06342105176392762
162.8 0.06341933343359138
163 0.06341761937393177
163.2 0.06341590956905103
163.4 0.06341420400313015
163.6 0.0634125026604288
163.8 0.06341080552528403
164 0.0634091125821103
164.2 0.06340742381539909
164.4 0.06340573920971819
164.6 0.06340405874971136
164.8 0.06340238242009781
165 0.06340071020567156
165.2 0.0633990420913013
165.4 0.06339737806192988
165.6 0.06339571810257366
165.8 0.06339406219832218
166 0.06339241033433786
166.2 0.06339076249585505
166.4 0.06338911866818032
166.6 0.06338747883669138
166.8 0.06338584298683714
167 0.06338421110413683
167.2 0.06338258317418002
167.4 0.0633809591826258
167.6 0.06337933911520262
167.8 0.06337772295770769
168 0.06337611069600678
168.2 0.06337450231603381
168.4 0.06337289780378987
168.6 0.06337129714534367
168.8 0.06336970032683074
169 0.06336810733445272
169.2 0.06336651815447754
169.4 0.06336493277323856
169.6 0.06336335117713457
169.8 0.06336177335262898
170 0.06336019928624986
170.2 0.06335862896458917
170.4 0.06335706237430269
170.6 0.06335549950210957
170.8 0.0633539403347916
171 0.06335238485919358
171.2 0.06335083306222193
171.4 0.06334928493084566
171.6 0.06334774045209456
171.8 0.0633461996130597
172 0.06334466240089318
172.2 0.06334312880280724
172.4 0.06334159880607415
172.6 0.06334007239802593
172.8 0.06333854956605384
173 0.06333703029760833
173.2 0.06333551458019826
173.4 0.06333400240139092
173.6 0.06333249374881157
173.8 0.06333098861014294
174 0.06332948697312536
174.2 0.06332798882555567
174.4 0.06332649415528757
174.6 0.06332500295023123
174.8 0.06332351519835254
175 0.06332203088767306
175.2 0.06332055000626981
175.4 0.06331907254227476
175.6 0.06331759848387444
175.8 0.06331612781930998
176 0.0633146605368763
176.2 0.0633131966249223
176.4 0.06331173607185028
176.6 0.0633102788661157
176.8 0.06330882499622666
177 0.06330737445074396
177.2 0.06330592721828068
177.4 0.06330448328750181
177.6 0.06330304264712379
177.8 0.06330160528591466
178 0.06330017119269332
178.2 0.0632987403563295
178.4 0.06329731276574356
178.6 0.06329588840990578
178.8 0.0632944672778366
179 0.06329304935860572
179.2 0.06329163464133275
179.4 0.06329022311518592
179.6 0.06328881476938221
179.8 0.0632874095931875
180 0.06328600757591561
180.2 0.06328460870692844
180.4 0.06328321297563552
180.6 0.06328182037149406
180.8 0.06328043088400796
181 0.06327904450272862
181.2 0.06327766121725353
181.4 0.06327628101722696
181.6 0.0632749038923392
181.8 0.0632735298323263
182 0.06327215882697011
182.2 0.06327079086609771
182.4 0.06326942593958121
182.6 0.06326806403733792
182.8 0.06326670514932939
183 0.0632653492655618
183.2 0.06326399637608526
183.4 0.06326264647099397
183.6 0.06326129954042548
183.8 0.0632599555745611
184 0.06325861456362493
184.2 0.06325727649788429
184.4 0.06325594136764902
184.6 0.06325460916327151
184.8 0.06325327987514637
185 0.06325195349371
185.2 0.06325063000944087
185.4 0.06324930941285876
185.6 0.06324799169452493
185.8 0.06324667684504155
186 0.06324536485505171
186.2 0.06324405571523928
186.4 0.06324274941632832
186.6 0.06324144594908317
186.8 0.06324014530430827
187 0.06323884747284778
187.2 0.06323755244558513
187.4 0.0632362602134437
187.6 0.06323497076738527
187.8 0.06323368409841107
188 0.06323240019756085
188.2 0.06323111905591285
188.4 0.06322984066458359
188.6 0.06322856501472768
188.8 0.06322729209753773
189 0.06322602190424387
189.2 0.06322475442611368
189.4 0.06322348965445228
189.6 0.06322222758060171
189.8 0.06322096819594061
190 0.0632197114918849
190.2 0.06321845745988665
190.4 0.06321720609143405
190.6 0.06321595737805186
190.8 0.06321471131130034
191 0.06321346788277556
191.2 0.06321222708410931
191.4 0.0632109889069686
191.6 0.06320975334305562
191.8 0.0632085203841075
192 0.06320729002189632
192.2 0.06320606224822842
192.4 0.06320483705494513
192.6 0.06320361443392135
192.8 0.06320239437706648
193 0.06320117687632375
193.2 0.06319996192367022
193.4 0.06319874951111613
193.6 0.06319753963070525
193.8 0.06319633227451481
194 0.06319512743465472
194.2 0.06319392510326774
194.4 0.06319272527252952
194.6 0.06319152793464804
194.8 0.06319033308186357
195 0.06318914070644877
195.2 0.06318795080070813
195.4 0.06318676335697807
195.6 0.06318557836762653
195.8 0.06318439582505293
196 0.06318321572168843
196.2 0.063182038049995
196.4 0.06318086280246568
196.6 0.0631796899716243
196.8 0.06317851955002574
197 0.06317735153025507
197.2 0.06317618590492799
197.4 0.06317502266669014
197.6 0.06317386180821767
197.8 0.06317270332221632
198 0.06317154720142157
198.2 0.06317039343859883
198.4 0.06316924202654267
198.6 0.06316809295807725
198.8 0.06316694622605569
199 0.06316580182336017
199.2 0.06316465974290196
199.4 0.06316351997762067
199.6 0.06316238252048485
199.8 0.06316124736449137
