-200 0.06402286865942013
-199.8 0.06401329436980267
-199.6 0.06400372380320841
-199.4 0.0639941569658005
-199.2 0.06398459386376672
-199 0.06397503450290971
-198.8 0.06396547888943736
-198.6 0.06395592702893595
-198.4 0.0639463789279191
-198.2 0.06393683459198067
-198 0.06392729402791919
-197.8 0.06391775724108714
-197.6 0.06390822423762912
-197.4 0.06389869502409301
-197.2 0.06388916960603146
-197 0.06387964798981823
-196.8 0.06387013018170969
-196.6 0.06386061618732636
-196.4 0.06385110601344572
-196.2 0.06384159966592699
-196 0.06383209715074413
-195.8 0.06382259847421896
-195.6 0.06381310364244147
-195.4 0.06380361266183439
-195.2 0.06379412553836541
-195 0.06378464227820353
-194.8 0.06377516288753304
-194.6 0.06376568737307649
-194.4 0.06375621574038956
-194.2 0.06374674799597929
-194 0.06373728414634199
-193.8 0.06372782419733207
-193.6 0.06371836815557369
-193.4 0.06370891602685354
-193.2 0.06369946781821083
-193 0.06369002353527373
-192.8 0.06368058318447424
-192.6 0.06367114677248557
-192.4 0.06366171430541713
-192.2 0.06365228578952757
-192 0.06364286123115596
-191.8 0.06363344063670519
-191.6 0.06362402401306204
-191.4 0.0636146113658461
-191.2 0.06360520270176778
-191 0.06359579802730185
-190.8 0.06358639734843698
-190.6 0.06357700067235196
-190.4 0.06356760800501245
-190.2 0.06355821935303968
-190 0.06354883472230992
-189.8 0.0635394541200484
-189.6 0.06353007755260633
-189.4 0.06352070502616441
-189.2 0.06351133654721347
-189 0.06350197212259978
-188.8 0.06349261175858512
-188.6 0.06348325546161354
-188.4 0.06347390323861724
-188.2 0.0634645550957615
-188 0.06345521103993891
-187.8 0.06344587107723229
-187.6 0.06343653521473701
-187.4 0.06342720345887116
-187.2 0.0634178758160815
-187 0.06340855229313692
-186.8 0.06339923289674189
-186.6 0.0633899176332891
-186.4 0.06338060650956906
-186.2 0.06337129953227975
-186 0.06336199670807263
-185.8 0.06335269804346248
-185.6 0.06334340354545877
-185.4 0.0633341132206011
-185.2 0.06332482707545246
-185 0.06331554511684308
-184.8 0.06330626735164674
-184.6 0.06329699378644338
-184.4 0.06328772442797169
-184.2 0.06327845928297866
-184 0.06326919835841825
-183.8 0.06325994166130032
-183.6 0.06325068919787054
-183.4 0.0632414409752312
-183.2 0.06323219699984063
-183 0.06322295727930607
-182.8 0.06321372181968256
-182.6 0.06320449062848703
-182.4 0.06319526371225673
-182.2 0.06318604107769808
-182 0.06317682273215626
-181.8 0.06316760868184797
-181.6 0.06315839893437236
-181.4 0.06314919349620056
-181.2 0.06313999237485973
-181 0.06313079557663161
-180.8 0.0631216031086993
-180.6 0.06311241497804893
-180.4 0.06310323119205109
-180.2 0.06309405175703313
-180 0.06308487668045944
-179.8 0.06307570596901683
-179.6 0.0630665396298759
-179.4 0.06305737767036607
-179.2 0.06304822009707582
-179 0.06303906691758805
-178.8 0.06302991813828575
-178.6 0.06302077376695618
-178.4 0.06301163381008937
-178.2 0.06300249827535406
-178 0.06299336716944132
-177.8 0.0629842404996816
-177.6 0.06297511827327883
-177.4 0.06296600049717897
-177.2 0.0629568871787462
-177 0.0629477783250647
-176.8 0.06293867394366992
-176.6 0.06292957404121564
-176.4 0.06292047862514293
-176.2 0.06291138770234396
-176 0.06290230128100385
-175.8 0.06289321936759067
-175.6 0.06288414196944815
-175.4 0.06287506909404059
-175.2 0.06286600074875633
-175 0.06285693694049602
-174.8 0.06284787767699074
-174.6 0.06283882296530784
-174.4 0.06282977281309331
-174.2 0.06282072722719134
-174 0.06281168621513272
-173.8 0.06280264978474187
-173.6 0.06279361794305652
-173.4 0.06278459069745601
-173.2 0.0627755680552717
-173 0.06276655002419788
-172.8 0.06275753661125863
-172.6 0.06274852782415144
-172.4 0.06273952367078872
-172.2 0.0627305241577426
-172 0.06272152929322183
-171.8 0.06271253908447481
-171.6 0.06270355353897941
-171.4 0.06269457266439406
-171.2 0.06268559646822812
-171 0.06267662495767
-170.8 0.06266765814084878
-170.6 0.0626586960249206
-170.4 0.06264973861760818
-170.2 0.06264078592667384
-170 0.062631837959522
-169.8 0.06262289472366803
-169.6 0.06261395622727224
-169.4 0.06260502247765659
-169.2 0.06259609348234878
-169 0.06258716924886991
-168.8 0.06257824978561542
-168.6 0.0625693350997825
-168.4 0.06256042519921697
-168.2 0.06255152009126305
-168 0.06254261978443712
-167.8 0.06253372428576816
-167.6 0.0625248336036395
-167.4 0.06251594774517417
-167.2 0.06250706671881873
-167 0.06249819053190895
-166.8 0.06248931919240562
-166.6 0.06248045270830415
-166.4 0.062471591087271974
-166.2 0.06246273433729557
-166 0.06245388246607337
-165.8 0.06244503548200605
-165.6 0.06243619339217016
-165.4 0.06242735620501103
-165.2 0.06241852392852597
-165 0.06240969657037874
-164.8 0.062400874138582696
-164.6 0.06239205664123478
-164.4 0.06238324408635773
-164.2 0.062374436481739466
-164 0.0623656338353312
-163.8 0.06235683615553458
-163.6 0.062348043450115284
-163.4 0.06233925572716061
-163.2 0.06233047299474424
-163 0.06232169526077022
-162.8 0.062312922534141
-162.6 0.06230415482170554
-162.4 0.06229539213248169
-162.2 0.06228663447408991
-162 0.06227788185540716
-161.8 0.06226913428357082
-161.6 0.062260391767749335
-161.4 0.06225165431545113
-161.2 0.06224292193516613
-161 0.0622341946352746
-160.8 0.06222547242348248
-160.6 0.0622167553086204
-160.4 0.062208043298285304
-160.2 0.06219933640149759
-160 0.06219063462599907
-159.8 0.062181937980426975
-159.6 0.062173246472878974
-159.4 0.06216456011153121
-159.2 0.062155878905230534
-159 0.06214720286202141
-158.8 0.062138531990489895
-158.6 0.06212986629884713
-158.4 0.06212120579517268
-158.2 0.06211255048840549
-158 0.06210390038673367
-157.8 0.06209525549888736
-157.6 0.06208661583247128
-157.4 0.062077981397335044
-157.2 0.062069352201031845
-157 0.06206072825218504
-156.8 0.06205210955918732
-156.6 0.06204349613077455
-156.4 0.06203488797579265
-156.2 0.06202628510236597
-156 0.062017687519222466
-155.8 0.06200909523478182
-155.6 0.06200050825807167
-155.4 0.06199192659715852
-155.2 0.06198335026112788
-155 0.0619747792582693
-154.8 0.06196621359767753
-154.6 0.061957653287789086
-154.4 0.06194909833727009
-154.2 0.06194054875494538
-154 0.06193200454928292
-153.8 0.06192346572953
-153.6 0.061914932303772076
-153.4 0.061906404281365394
-153.2 0.06189788167085083
-153 0.06188936448102833
-152.8 0.06188085272062241
-152.6 0.0618723463985262
-152.4 0.06186384552402982
-152.2 0.06185535010530683
-152 0.06184686015129474
-151.8 0.06183837567137327
-151.6 0.06182989667435136
-151.4 0.06182142316881506
-151.2 0.061812955164262565
-151 0.06180449266858863
-150.8 0.061796035691940476
-150.6 0.0617875842426499
-150.4 0.061779138329984586
-150.2 0.061770697962736994
-150 0.061762263150295406
-149.8 0.06175383390113631
-149.6 0.06174541022479561
-149.4 0.06173699213035571
-149.2 0.06172857962666957
-149 0.061720172723169375
-148.8 0.06171177142877486
-148.6 0.0617033757520443
-148.4 0.06169498570319711
-148.2 0.06168660129080963
-148 0.06167822252417161
-147.8 0.06166984941262609
-147.6 0.06166148196524757
-147.4 0.061653120191218644
-147.2 0.06164476409996581
-147 0.06163641370058129
-146.8 0.061628069002624054
-146.6 0.061619730015008735
-146.4 0.0616113967473468
-146.2 0.061603069208886134
-146 0.06159474740894579
-145.8 0.061586431356971484
-145.6 0.06157812106215858
-145.4 0.061569816534488335
-145.2 0.06156151778254317
-145 0.061553224816240294
-144.8 0.06154493764491396
-144.6 0.06153665627808092
-144.4 0.06152838072523033
-144.2 0.06152011099574513
-144 0.061511847099545026
-143.8 0.06150358904541844
-143.6 0.06149533684372634
-143.4 0.06148709050351998
-143.2 0.06147885003424264
-143 0.06147061544605782
-142.8 0.06146238674824957
-142.6 0.061454163950457864
-142.4 0.06144594706237504
-142.2 0.06143773609370182
-142 0.06142953105389811
-141.8 0.06142133195308639
-141.6 0.06141313880066326
-141.4 0.06140495160623704
-141.2 0.06139677037982664
-141 0.06138859513111287
-140.8 0.061380425869955936
-140.6 0.0613722626061875
-140.4 0.061364105349332565
-140.2 0.061355954109747445
-140 0.0613478088965463
-139.8 0.061339669720557814
-139.6 0.061331536590865744
-139.4 0.06132340951730536
-139.2 0.06131528851034151
-139 0.06130717358000154
-138.8 0.06129906473573765
-138.6 0.06129096198793196
-138.4 0.06128286534599483
-138.2 0.06127477482069675
-138 0.061266690421478344
-137.8 0.06125861215846629
-137.6 0.06125054004212443
-137.4 0.06124247408210537
-137.2 0.061234414289013876
-137 0.061226360672089156
-136.8 0.061218313242195975
-136.6 0.06121027200920298
-136.4 0.06120223698348432
-136.2 0.06119420817492086
-136 0.0611861855941656
-135.8 0.06117816925090675
-135.6 0.061170159155824744
-135.4 0.06116215531871492
-135.2 0.06115415775065507
-135 0.06114616646092223
-134.8 0.06113818146050729
-134.6 0.061130202759586395
-134.4 0.061122230368351405
-134.2 0.06111426429748372
-134 0.06110630455683818
-133.8 0.061098351157277575
-133.6 0.061090404109314884
-133.4 0.06108246342294623
-133.2 0.061074529109135
-133 0.06106660117782692
-132.8 0.06105867963989601
-132.6 0.06105076450561843
-132.4 0.06104285578559805
-132.2 0.061034953490488646
-132 0.06102705763109375
-131.8 0.06101916821718762
-131.6 0.06101128526002778
-131.4 0.061003408769977
-131.2 0.06099553875799433
-131 0.06098767523440735
-130.8 0.06097981821020639
-130.6 0.06097196769612469
-130.4 0.06096412370207047
-130.2 0.060956286239711444
-130 0.06094845531953832
-129.8 0.06094063095198207
-129.6 0.060932813148353734
-129.4 0.06092500191894066
-129.2 0.06091719727512471
-129 0.060909399227311124
-128.8 0.06090160778664712
-128.6 0.06089382296402714
-128.4 0.0608860447700346
-128.2 0.06087827321565747
-128 0.06087050831216186
-127.8 0.06086275007027432
-127.6 0.06085499850110197
-127.4 0.06084725361555767
-127.2 0.06083951542469001
-127 0.060831783939601126
-126.8 0.06082405917131379
-126.6 0.06081634113071668
-126.4 0.06080862982905516
-126.2 0.0608009252776343
-126 0.06079322748758126
-125.8 0.06078553646948516
-125.6 0.06077785223530774
-125.4 0.060770174795800165
-125.2 0.06076250416224915
-125 0.06075484034579301
-124.8 0.06074718335781924
-124.6 0.06073953320958498
-124.4 0.060731889912635485
-124.2 0.060724253477882344
-124 0.060716623916533284
-123.8 0.060709001240539434
-123.6 0.06070138546085918
-123.4 0.06069377658914173
-123.2 0.06068617463663104
-123 0.06067857961462157
-122.8 0.060670991534581345
-122.6 0.0606634104085597
-122.4 0.06065583624744509
-122.2 0.060648269062948554
-122 0.0606407088667022
-121.8 0.06063315567008518
-121.6 0.06062560948478992
-121.4 0.06061807032216718
-121.2 0.060610538194241684
-121 0.060603013112524085
-120.8 0.06059549508857052
-120.6 0.06058798413397778
-120.4 0.06058048026053658
-120.2 0.0605729834803888
-120 0.06056549380434285
-119.8 0.060558011245096535
-119.6 0.06055053581367544
-119.4 0.06054306752269994
-119.2 0.06053560638319566
-119 0.060528152407455155
-118.8 0.06052070560705541
-118.6 0.060513265994209774
-118.4 0.0605058335806607
-118.2 0.060498408378540446
-118 0.060490990399478924
-117.8 0.06048357965564245
-117.6 0.060476176158872096
-117.4 0.060468779921183324
-117.2 0.06046139095473998
-117 0.06045400927165817
-116.8 0.06044663488378184
-116.6 0.06043926780334626
-116.4 0.06043190804265753
-116.2 0.060424555613197345
-116 0.06041721052824396
-115.8 0.06040987279857029
-115.6 0.06040254243765325
-115.4 0.060395219456748236
-115.2 0.06038790386898351
-115 0.060380595685852044
-114.8 0.060373294920175916
-114.6 0.06036600158386753
-114.4 0.06035871568940863
-114.2 0.060351437249313265
-114 0.060344166275697525
-113.8 0.06033690278124965
-113.6 0.06032964677820169
-113.4 0.060322398279222374
-113.2 0.06031515729627986
-113 0.060307923842167065
-112.8 0.06030069792955093
-112.6 0.06029347957038496
-112.4 0.0602862687780004
-112.2 0.06027906556430362
-112 0.06027186994233186
-111.8 0.06026468192432746
-111.6 0.060257501523587824
-111.4 0.06025032875183195
-111.2 0.06024316362243476
-111 0.06023600614773762
-110.8 0.060228856340835954
-110.6 0.060221714213933686
-110.4 0.060214579780495874
-110.2 0.060207453052594846
-110 0.060200334043618964
-109.8 0.0601932227659305
-109.6 0.06018611923300658
-109.4 0.06017902345707251
-109.2 0.060171935451298265
-109 0.06016485522879715
-108.8 0.060157782802329605
-108.6 0.06015071818484301
-108.4 0.060143661389327675
-108.2 0.06013661242849624
-108 0.060129571316173615
-107.8 0.060122538064762275
-107.6 0.06011551268778918
-107.4 0.06010849519814649
-107.2 0.06010148560878265
-107 0.06009448393300043
-106.8 0.06008749018386834
-106.6 0.060080504374869316
-106.4 0.06007352651903983
-106.2 0.0600665566297407
-106 0.06005959472019589
-105.8 0.06005264080359494
-105.6 0.060045694893070274
-105.4 0.06003875700262013
-105.2 0.06003182714492673
-105 0.06002490533354865
-104.8 0.060017991582235586
-104.6 0.06001108590386201
-104.4 0.06000418831218267
-104.2 0.05999729882069314
-104 0.05999041744299873
-103.8 0.059983544192217166
-103.6 0.059976679082643
-103.4 0.05996982212703345
-103.2 0.05996297333923086
-103 0.05995613273287661
-102.8 0.05994930032210052
-102.6 0.05994247611967094
-102.4 0.059935660139919196
-102.2 0.05992885239627317
-102 0.05992205290276951
-101.8 0.05991526167260162
-101.6 0.059908478720133024
-101.4 0.059901704058901536
-101.2 0.05989493770275257
-101 0.0598881796656612
-100.8 0.05988142996141183
-100.6 0.05987468860386342
-100.4 0.05986795560695237
-100.2 0.05986123098473806
-100 0.0598545147508625
-99.8 0.059847806919998345
-99.6 0.05984110750524559
-99.4 0.05983441652149334
-99.2 0.05982773398232553
-99 0.05982105990181859
-98.8 0.059814394294591434
-98.6 0.059807737174102406
-98.4 0.05980108855504105
-98.2 0.05979444845126088
-98 0.0597878168769467
-97.8 0.05978119384673222
-97.6 0.05977457937481689
-97.4 0.059767973475091274
-97.2 0.059761376162531535
-97 0.05975478745050832
-96.8 0.05974820735396183
-96.6 0.05974163588748039
-96.4 0.05973507306515948
-96.2 0.05972851890144515
-96 0.059721973411107715
-95.8 0.059715436607944414
-95.6 0.05970890850723171
-95.4 0.059702389122879944
-95.2 0.05969587846982357
-95 0.05968937656282403
-94.8 0.05968288341601107
-94.6 0.059676399044214415
-94.4 0.059669923462015
-94.2 0.059663456684327966
-94 0.05965699872585774
-93.8 0.05965054960114895
-93.6 0.059644109324784235
-93.4 0.05963767791163638
-93.2 0.05963125537705732
-93 0.05962484173535356
-92.8 0.059618437001459856
-92.6 0.059612041190254726
-92.4 0.0596056543167078
-92.2 0.05959927639573048
-92 0.05959290744232641
-91.8 0.05958654747120726
-91.6 0.059580196497837246
-91.4 0.05957385453702019
-91.2 0.059567521603741735
-91 0.05956119771286759
-90.8 0.059554882880627005
-90.6 0.05954857712044231
-90.4 0.059542280448873
-90.2 0.0595359928804843
-90 0.05952971443080492
-89.8 0.05952344511429304
-89.6 0.05951718494736751
-89.4 0.05951093394459892
-89.2 0.059504692121106546
-89 0.059498459492989285
-88.8 0.0594922360747746
-88.6 0.05948602188252584
-88.4 0.05947981693135874
-88.2 0.05947362123707591
-88 0.059467434814582346
-87.8 0.05946125767937858
-87.6 0.059455089847823016
-87.4 0.05944893133420543
-87.2 0.059442782155346485
-87 0.05943664232587083
-86.8 0.05943051186168209
-86.6 0.059424390779057444
-86.4 0.059418279092623705
-86.2 0.0594121768189208
-86 0.05940608397320851
-85.8 0.05940000057166292
-85.6 0.05939392662980842
-85.4 0.05938786216294196
-85.2 0.05938180718801116
-85 0.05937576172025414
-84.8 0.05936972577540931
-84.6 0.059363699369668094
-84.4 0.05935768251845539
-84.2 0.059351675238352206
-84 0.05934567754517596
-83.8 0.05933968945492786
-83.6 0.05933371098393145
-83.4 0.05932774214752069
-83.2 0.059321782962547843
-83 0.059315833444346606
-82.8 0.059309893609892896
-82.6 0.05930396347513376
-82.4 0.05929804305571778
-82.2 0.05929213236871409
-82 0.05928623142963754
-81.8 0.05928034025557472
-81.6 0.05927445886201829
-81.4 0.05926858726582207
-81.2 0.059262725482925084
-81 0.05925687353021856
-80.8 0.059251031423651145
-80.6 0.05924519918017718
-80.4 0.05923937681565863
-80.2 0.05923356434720097
-80 0.0592277617906949
-79.8 0.05922196916311455
-79.6 0.05921618648121799
-79.4 0.059210413761386645
-79.2 0.05920465101989707
-79 0.0591988982738246
-78.8 0.059193155539709434
-78.6 0.05918742283430328
-78.4 0.05918170017443337
-78.2 0.059175987576732474
-78 0.059170285058037016
-77.8 0.05916459263533509
-77.6 0.059158910325151234
-77.4 0.059153238144335374
-77.2 0.05914757611032575
-77 0.059141924239641805
-76.8 0.059136282549153533
-76.6 0.05913065105587272
-76.4 0.05912502977724678
-76.2 0.05911941872966732
-76 0.05911381793083613
-75.8 0.05910822739743842
-75.6 0.05910264714631789
-75.4 0.05909707719521252
-75.2 0.05909151756131865
-75 0.0590859682615946
-74.8 0.05908042931273026
-74.6 0.05907490073313664
-74.4 0.059069382538795054
-74.2 0.05906387474835724
-74 0.05905837737803704
-73.8 0.059052890445989104
-73.6 0.05904741396904301
-73.4 0.059041947965213455
-73.2 0.059036492451499036
-73 0.059031047445357594
-72.8 0.05902561296410525
-72.6 0.059020189025733465
-72.4 0.059014775647671464
-72.2 0.059009372847639914
-72 0.059003980643072745
-71.8 0.05899859905169279
-71.6 0.0589932280909551
-71.4 0.058987867778482216
-71.2 0.05898251813263661
-71 0.05897717917063206
-70.8 0.05897185091036457
-70.6 0.05896653336928138
-70.4 0.05896122656583419
-70.2 0.05895593051771468
-70 0.05895064524277541
-69.8 0.058945370758343746
-69.6 0.05894010708356693
-69.4 0.05893485423542575
-69.2 0.058929612232210694
-69 0.05892438109213699
-68.8 0.05891916083325543
-68.6 0.05891395147357761
-68.4 0.05890875303072167
-68.2 0.05890356552349109
-68 0.05889838896986302
-67.8 0.05889322338783295
-67.6 0.05888806879601336
-67.4 0.058882925211964456
-67.2 0.05887779265487823
-67 0.05887267114263417
-66.8 0.058867560693349634
-66.6 0.05886246132551086
-66.4 0.05885737305756541
-66.2 0.05885229590820582
-66 0.05884722989546263
-65.8 0.058842175038118075
-65.6 0.05883713135417421
-65.4 0.05883209886291807
-65.2 0.05882707758236383
-65 0.05882206753121838
-64.8 0.05881706872793608
-64.6 0.058812081191248304
-64.4 0.05880710494032134
-64.2 0.058802139993263294
-64 0.05879718636897644
-63.8 0.05879224408617581
-63.6 0.05878731316390034
-63.4 0.05878239362070098
-63.2 0.058777485475137586
-63 0.058772588746656036
-62.8 0.05876770345414435
-62.6 0.058762829616076394
-62.4 0.05875796725130486
-62.2 0.05875311637942018
-62 0.05874827701901877
-61.8 0.05874344918933298
-61.6 0.05873863290946775
-61.4 0.05873382819810245
-61.2 0.058729035074872725
-61 0.05872425355839677
-60.8 0.05871948366840589
-60.6 0.05871472542327057
-60.4 0.05870997884361896
-60.2 0.05870524394737168
-60 0.058700520754445484
-59.8 0.05869580928420817
-59.6 0.05869110955559048
-59.4 0.05868642158834659
-59.2 0.05868174540156075
-59 0.0586770810150798
-58.8 0.058672428448030375
-58.6 0.058667787720005145
-58.4 0.05866315884994183
-58.2 0.05865854185838252
-58 0.0586539367646862
-57.8 0.05864934358791558
-57.6 0.05864476234789765
-57.4 0.05864019306468347
-57.2 0.05863563575729641
-57 0.05863109044581673
-56.8 0.05862655714977701
-56.6 0.0586220358896567
-56.4 0.05861752668445754
-56.2 0.058613029554221985
-56 0.05860854451858812
-55.8 0.05860407159767985
-55.6 0.058599610811745355
-55.4 0.05859516218061301
-55.2 0.058590725723273944
-55 0.05858630146069165
-54.8 0.058581889412473116
-54.6 0.05857748959904446
-54.4 0.0585731020400141
-54.2 0.0585687267559142
-54 0.05856436376647429
-53.8 0.058560013092263684
-53.6 0.058555674753004855
-53.4 0.05855134876909593
-53.2 0.05854703516119025
-53 0.05854273394867571
-52.8 0.05853844515286727
-52.6 0.058534168792998276
-52.4 0.05852990489033086
-52.2 0.05852565346502483
-52 0.05852141453695703
-51.8 0.058517188127318716
-51.6 0.058512974256076176
-51.4 0.05850877294396264
-51.2 0.05850458421097802
-51 0.05850040807884225
-50.8 0.05849624456671497
-50.6 0.05849209369626416
-50.4 0.05848795548719997
-50.2 0.058483829961048346
-50 0.05847971713792448
-49.8 0.05847561703881724
-49.6 0.05847152968435482
-49.4 0.058467455095058796
-49.2 0.058463393292300776
-49 0.05845934429648521
-48.8 0.05845530812848868
-48.6 0.05845128480934407
-48.4 0.0584472743598122
-48.2 0.05844327680104722
-48 0.058439292153041736
-47.8 0.05843532043841862
-47.6 0.058431361677086485
-47.4 0.058427415890199855
-47.2 0.05842348309893225
-47 0.05841956332440034
-46.8 0.05841565658776228
-46.6 0.05841176291037003
-46.4 0.05840788231289568
-46.2 0.05840401481674973
-46 0.05840016044346949
-45.8 0.05839631921370184
-45.6 0.05839249114896705
-45.4 0.05838867627103234
-45.2 0.05838487460091888
-45 0.058381086159526405
-44.8 0.05837731096879704
-44.6 0.05837354905051303
-44.4 0.05836980042508627
-44.2 0.0583660651146082
-44 0.058362343140686626
-43.8 0.05835863452456316
-43.6 0.05835493928797282
-43.4 0.058351257452164164
-43.2 0.0583475890394507
-43 0.058343934069905165
-42.8 0.05834029256740542
-42.6 0.05833666455190637
-42.4 0.05833305004586713
-42.2 0.058329449070950924
-42 0.05832586164872155
-41.8 0.05832228780114599
-41.6 0.05831872754995313
-41.4 0.05831518091722715
-41.2 0.058311647924381316
-41 0.058308128593905606
-40.8 0.058304622947017555
-40.6 0.058301131006324475
-40.4 0.05829765279302421
-40.2 0.058294188329755345
-40 0.05829073763867049
-39.8 0.05828730074124235
-39.6 0.05828387765953477
-39.4 0.05828046841684665
-39.2 0.058277073034044585
-39 0.05827369153342145
-38.8 0.058270323937505204
-38.6 0.058266970268465106
-38.4 0.05826363054834799
-38.2 0.058260304800033844
-38 0.05825699304473149
-37.8 0.058253695305294444
-37.6 0.058250411604512914
-37.4 0.05824714196402757
-37.2 0.058243886406384185
-37 0.058240644954436205
-36.8 0.05823741763009147
-36.6 0.058234204456634305
-36.4 0.05823100545508266
-36.2 0.05822782064948241
-36 0.05822465006154089
-35.8 0.05822149371397226
-35.6 0.05821835162938361
-35.4 0.05821522383034758
-35.2 0.05821211033955462
-35 0.05820901117995756
-34.8 0.05820592637332857
-34.6 0.058202855943822664
-34.4 0.058199799912826845
-34.2 0.05819675830367652
-34 0.05819373113952076
-33.8 0.058190718442176326
-33.6 0.058187720235391455
-33.4 0.058184736541808536
-33.2 0.058181767384200396
-33 0.05817881278510234
-32.8 0.05817587276828026
-32.6 0.05817294735621146
-32.4 0.05817003657178825
-32.2 0.058167140437626066
-32 0.058164258978082535
-31.8 0.058161392215406046
-31.6 0.05815854017197966
-31.4 0.05815570287210089
-31.2 0.05815288033838323
-31 0.058150072593905054
-30.8 0.058147279661713465
-30.6 0.05814450156557532
-30.4 0.05814173832791159
-30.2 0.058138989972840734
-30 0.058136256522694746
-29.8 0.058133538001850255
-29.6 0.058130834432650616
-29.4 0.058128145838896576
-29.2 0.05812547224384929
-29 0.058122813670651786
-28.8 0.05812017014313879
-28.6 0.05811754168449534
-28.4 0.05811492831811634
-28.2 0.05811233006815017
-28 0.05810974695694266
-27.8 0.058107179008886824
-27.6 0.058104626247093075
-27.4 0.058102088695456
-27.2 0.05809956637694659
-27 0.05809705931551969
-26.8 0.05809456753533202
-26.6 0.058092091059207436
-26.4 0.05808962991143216
-26.2 0.05808718411556285
-26 0.05808475369532689
-25.8 0.058082338673719376
-25.6 0.058079939075462786
-25.4 0.05807755492394675
-25.2 0.05807518624311445
-25 0.05807283305677922
-24.8 0.05807049538907989
-24.6 0.05806817326261514
-24.4 0.05806586670293105
-24.2 0.05806357573288908
-24 0.058061300376699966
-23.8 0.05805904065839649
-23.6 0.05805679660187649
-23.4 0.05805456823130119
-23.2 0.05805235557047391
-23 0.05805015864299531
-22.8 0.05804797747383863
-22.6 0.05804581208661169
-22.4 0.058043662505257866
-22.2 0.058041528754265624
-22 0.0580394108576209
-21.8 0.05803730883895654
-21.6 0.05803522272384498
-21.4 0.05803315253462734
-21.2 0.058031098296678026
-21 0.05802906003428966
-20.8 0.05802703777153677
-20.6 0.05802503153236242
-20.4 0.058023041340899396
-20.2 0.05802106722269879
-20 0.058019109200622636
-19.8 0.058017167299510126
-19.6 0.058015241544116365
-19.4 0.058013331958448516
-19.2 0.0580114385672459
-19 0.05800956139443334
-18.8 0.05800770046520087
-18.6 0.05800585580294295
-18.4 0.05800402743309615
-18.2 0.05800221537958045
-18 0.058000419667334574
-17.8 0.057998640320382024
-17.6 0.05799687736379783
-17.4 0.057995130821785694
-17.2 0.05799340071954901
-17 0.05799168708059094
-16.8 0.05798998993000183
-16.6 0.05798830929323446
-16.4 0.057986645193727
-16.2 0.05798499765734325
-16 0.05798336670729948
-15.8 0.057981752370060195
-15.6 0.05798015466876365
-15.4 0.05797857362877173
-15.2 0.05797700927496397
-15 0.05797546163202096
-14.8 0.05797393072469964
-14.6 0.05797241657814102
-14.4 0.057970919216511874
-14.2 0.057969438665358045
-14 0.05796797494889387
-13.8 0.0579665280920162
-13.6 0.057965098120464346
-13.4 0.05796368505797855
-13.2 0.05796228893014084
-13 0.05796090976183596
-12.8 0.05795954757792021
-12.6 0.05795820240316646
-12.4 0.0579568742631524
-12.2 0.0579555631818056
-12 0.057954269185222174
-11.8 0.057952992297949694
-11.6 0.05795173254466831
-11.4 0.05795048995135798
-11.2 0.05794926454183163
-11 0.05794805634231117
-10.8 0.057946865377311814
-10.6 0.05794569167160782
-10.4 0.0579445352509891
-10.2 0.05794339614044343
-10 0.0579422743646242
-9.8 0.0579411699492718
-9.6 0.057940082919261386
-9.4 0.057939013299748585
-9.2 0.057937961116164956
-9 0.05793692639341667
-8.8 0.05793590915675612
-8.6 0.05793490943127579
-8.4 0.05793392724306398
-8.2 0.05793296261591856
-8 0.05793201557654005
-7.8 0.057931086149449924
-7.6 0.05793017435991084
-7.4 0.05792928023327857
-7.2 0.05792840379518708
-7 0.05792754507031881
-6.8 0.05792670408513
-6.6 0.05792588086338333
-6.4 0.057925075431607465
-6.2 0.05792428781473605
-6 0.057923518038427706
-5.8 0.05792276612760231
-5.6 0.05792203210827233
-5.4 0.0579213160046433
-5.2 0.05792061784354092
-5 0.057919937650102796
-4.8 0.05791927544882879
-4.6 0.05791863126631782
-4.4 0.05791800512704713
-4.2 0.057917397056830765
-4 0.057916807081224445
-3.8 0.057916235225722895
-3.6 0.05791568151570625
-3.4 0.05791514597655796
-3.2 0.057914628633932194
-3 0.05791412951360279
-2.8 0.05791364864088776
-2.6 0.057913186040672644
-2.4 0.05791274173969828
-2.2 0.05791231576246605
-2 0.05791190813460312
-1.8 0.05791151888228372
-1.6 0.05791114803074274
-1.4 0.0579107956050531
-1.2 0.05791046163168314
-1 0.05791014613529275
-0.8 0.05790984914237555
-0.6 0.05790957067817069
-0.4 0.057909310767522836
-0.2 0.05790906943700641
0 0.05790884671191762
0.2 0.07143234618617618
0.4 0.07143444219804922
0.6 0.07143654777679515
0.8 0.07143866295375294
1 0.07144078776111809
1.2 0.07144292223013221
1.4 0.07144506639185072
1.6 0.07144722027904861
1.8 0.07144938392219585
2 0.07145155735390793
2.2 0.07145374060569794
2.4 0.07145593370881442
2.6 0.07145813669619011
2.8 0.07146034959855821
3 0.0714625724481243
3.2 0.07146480527681978
3.4 0.07146704811691564
3.6 0.07146930099975787
3.8 0.07147156395763214
4 0.0714738370225752
4.2 0.0714761202264071
4.4 0.07147841360156267
4.6 0.07148071717973008
4.8 0.07148303099348009
5 0.07148535507424542
5.2 0.07148768945460632
5.4 0.07149003416676367
5.6 0.07149238924324783
5.8 0.07149475471579846
6 0.0714971306170508
6.2 0.07149951697884943
6.4 0.07150191383411117
6.6 0.07150432121457868
6.8 0.07150673915271878
7 0.07150916768099462
7.2 0.07151160683234781
7.4 0.07151405663834784
7.6 0.07151651713209904
7.8 0.07151898834566921
8 0.07152147031183999
8.2 0.07152396306309781
8.4 0.0715264666317244
8.6 0.07152898105117401
8.8 0.07153150635254232
9 0.07153404256947288
9.2 0.07153658973435108
9.4 0.07153914787982588
9.6 0.0715417170386645
9.8 0.07154429724355468
10 0.07154688852683626
10.2 0.07154949092190907
10.4 0.07155210446092783
10.6 0.07155472917680063
10.8 0.07155736510212744
11 0.07156001227067078
11.2 0.07156267071389662
11.4 0.07156534046534312
11.6 0.07156802155795838
11.8 0.07157071402449364
12 0.07157341789770467
12.2 0.07157613321018302
12.4 0.07157885999552438
12.6 0.07158159828627658
12.8 0.07158434811531807
13 0.07158710951630119
13.2 0.07158988252140704
13.4 0.07159266716345881
13.6 0.07159546347611277
13.8 0.07159827149163092
14 0.07160109124460161
14.2 0.07160392276606811
14.4 0.07160676609022759
14.6 0.07160962125053545
14.8 0.07161248827866053
15 0.07161536720915646
15.2 0.07161825807403036
15.4 0.07162116090668083
15.6 0.0716240757408825
15.8 0.07162700260898568
16 0.07162994154443397
16.2 0.07163289258061029
16.4 0.07163585574970219
16.6 0.07163883108618785
16.8 0.07164181862281165
17 0.07164481839206792
17.2 0.07164783042806776
17.4 0.07165085476343806
17.6 0.07165389143074674
17.8 0.07165694046506518
18 0.07166000189840054
18.2 0.07166307576412348
18.4 0.07166616209529364
18.6 0.071669260925306
18.8 0.07167237228763115
19 0.07167549621537349
19.2 0.07167863274176921
19.4 0.07168178190019374
19.6 0.07168494372323062
19.8 0.07168811824506062
20 0.0716913054986342
20.2 0.07169450551690539
20.4 0.07169771833330571
20.6 0.07170094398168048
20.8 0.07170418249465828
21 0.0717074339058979
21.2 0.07171069824824143
21.4 0.07171397555485483
21.6 0.07171726585993494
21.8 0.07172056919648707
22 0.07172388559734541
22.2 0.07172721509554422
22.4 0.07173055772473877
22.6 0.07173391351904669
22.8 0.07173728251070721
23 0.07174066473288251
23.2 0.07174406021966706
23.4 0.0717474690034547
23.6 0.07175089111835077
23.8 0.07175432659726783
24 0.07175777547344393
24.2 0.07176123777974407
24.4 0.07176471355044936
24.6 0.07176820281802755
24.8 0.07177170561595893
25 0.0717752219770932
25.2 0.07177875193480734
25.4 0.07178229552280155
25.6 0.07178585277420647
25.8 0.07178942372238499
26 0.07179300839951788
26.2 0.07179660683984321
26.4 0.07180021907681104
26.6 0.07180384514220631
26.8 0.07180748507032486
27 0.0718111388938467
27.2 0.07181480664671473
27.4 0.07181848836097122
27.6 0.071822184071029
27.8 0.07182589380873516
28 0.07182961760808591
28.2 0.07183335550181628
28.4 0.07183710752320825
28.6 0.07184087370522677
28.8 0.0718446540806722
29 0.07184844868335347
29.2 0.07185225754569774
29.4 0.07185608070108662
29.6 0.07185991818256683
29.8 0.07186377002280636
30 0.0718676362552237
30.2 0.07187151691223682
30.4 0.07187541202772768
30.6 0.07187932163428129
30.8 0.0718832457642035
31 0.07188718445108881
31.2 0.07189113772788158
31.4 0.07189510562690304
31.6 0.07189908818177278
31.8 0.07190308542461844
32 0.0719070973891326
32.2 0.07191112410740222
32.4 0.07191516561275109
32.6 0.07191922193785999
32.8 0.07192329311524205
33 0.07192737917762422
33.2 0.07193148015792353
33.4 0.0719355960893893
33.6 0.07193972700419336
33.8 0.07194387293415877
34 0.07194803391347071
34.2 0.0719522099742454
34.4 0.0719564011487414
34.6 0.07196060746995513
34.8 0.07196482897050818
35 0.07196906568208951
35.2 0.07197331763783371
35.4 0.0719775848702458
35.6 0.07198186741289156
35.8 0.07198616529584993
36 0.07199047855391619
36.2 0.07199480721790556
36.4 0.07199915132094992
36.6 0.07200351089502856
36.8 0.07200788597280246
37 0.07201227658612404
37.2 0.07201668276839808
37.4 0.07202110454987948
37.6 0.07202554196495717
37.8 0.07202999504398117
38 0.07203446382094152
38.2 0.07203894832624415
38.4 0.07204344859368018
38.6 0.07204796465365443
38.8 0.0720524965391447
39 0.07205704428194225
39.2 0.07206160791467156
39.4 0.07206618746875608
39.6 0.07207078297545559
39.8 0.07207539446803983
40 0.07208002197771818
40.2 0.07208466553610748
40.4 0.0720893251751325
40.6 0.07209400092700971
40.8 0.0720986928231929
41 0.07210340089484048
41.2 0.07210812517469511
41.4 0.07211286569371142
41.6 0.07211762248401003
41.8 0.07212239557611627
42 0.07212718500306062
42.2 0.07213199079518942
42.4 0.07213681298454178
42.6 0.07214165160177673
42.8 0.07214650667996521
43 0.07215137824927842
43.2 0.07215626634039951
43.4 0.0721611709858715
43.6 0.07216609221679793
43.8 0.07217103006323002
44 0.07217598455781744
44.2 0.07218095573142447
44.4 0.07218594361417142
44.6 0.0721909482386812
44.8 0.07219596963375177
45 0.07220100783292396
45.2 0.07220606286496452
45.4 0.07221113476248991
45.6 0.07221622355562689
45.8 0.07222132927474226
46 0.07222645195092148
46.2 0.07223159161507821
46.4 0.07223674829893661
46.6 0.07224192203097823
46.8 0.07224711284297228
47 0.07225232076572106
47.2 0.0722575458294394
47.4 0.07226278806520359
47.6 0.07226804750194309
47.8 0.07227332417156382
48 0.07227861810402131
48.2 0.07228392932867807
48.4 0.07228925787731824
48.6 0.07229460377931053
48.8 0.07229996706480302
49 0.07230534776410409
49.2 0.07231074590717036
49.4 0.07231616152412808
49.6 0.0723215946444125
49.8 0.07232704529919998
50 0.07233251351740731
50.2 0.07233799932892304
50.4 0.07234350276395352
50.6 0.07234902385177594
50.8 0.07235456262220566
51 0.07236011910569243
51.2 0.07236569333047657
51.4 0.07237128532668764
51.6 0.07237689512396205
51.8 0.07238252275176969
52 0.07238816823978483
52.2 0.07239383161645542
52.4 0.07239951291166787
52.6 0.07240521215403499
52.8 0.07241092937400682
53 0.07241666459894329
53.2 0.07242241785981526
53.4 0.07242818918404371
53.6 0.07243397860148491
53.8 0.07243978614184035
54 0.07244561183163607
54.2 0.07245145570177582
54.4 0.07245731778020467
54.6 0.07246319809501026
54.8 0.07246909667611641
55 0.07247501355099568
55.2 0.07248094874892336
55.4 0.07248690229792087
55.6 0.07249287422681149
55.8 0.07249886456370744
56 0.07250487333717577
56.2 0.07251090057459732
56.4 0.07251694630511765
56.6 0.07252301055658839
56.8 0.07252909335703803
57 0.07253519473370336
57.2 0.07254131471595429
57.4 0.07254745333073233
57.6 0.0725536106061044
57.8 0.07255978656966752
58 0.07256598125027182
58.2 0.07257219467325451
58.4 0.07257842686850696
58.6 0.0725846778621022
58.8 0.07259094768224852
59 0.07259723635582939
59.2 0.07260354391038498
59.4 0.07260987037338172
59.6 0.07261621577279083
59.8 0.07262258013371287
60 0.0726289634848413
60.2 0.08651366322331613
60.4 0.08652249981652996
60.6 0.08653134650605347
60.8 0.08654020332351745
61 0.08654907030006119
61.2 0.08655794746527838
61.4 0.08656683485026148
61.6 0.08657573248573372
61.8 0.08658464040195134
62 0.08659355862938811
62.2 0.08660248719928998
62.4 0.08661142614108341
62.6 0.08662037548569693
62.8 0.08662933526328004
63 0.0866383055043329
63.2 0.08664728623809373
63.4 0.08665627749708027
63.6 0.08666527930912608
63.8 0.0866742917056576
64 0.08668331471664054
64.2 0.08669234837273455
64.4 0.0867013927022601
64.6 0.08671044773626475
64.8 0.08671951350461467
65 0.08672859003847141
65.2 0.0867376773644734
65.4 0.08674677551635637
65.6 0.08675588452143056
65.8 0.08676500441046937
66 0.08677413521261879
66.2 0.08678327695780812
66.4 0.08679242967444173
66.6 0.0868015933951276
66.8 0.08681076814560815
67 0.08681995395835551
67.2 0.0868291508608726
67.4 0.08683835888395523
67.6 0.08684757805663833
67.8 0.08685680840693127
68 0.08686604996666843
68.2 0.08687530276236266
68.4 0.08688456682542783
68.6 0.08689384218278653
68.8 0.08690312886509549
69 0.0869124269010134
69.2 0.08692173632032486
69.4 0.08693105714934338
69.6 0.08694038941930142
69.8 0.08694973315945785
70 0.08695908839678457
70.2 0.08696845516073887
70.4 0.08697783347908822
70.6 0.0869872233831286
70.8 0.08699662489951167
71 0.08700603805677136
71.2 0.08701546288323407
71.4 0.08702489940782496
71.6 0.08703434765913234
71.8 0.08704380766542016
72 0.08705327945478163
72.2 0.08706276305528339
72.4 0.08707225849461953
72.6 0.08708176580288012
72.8 0.08709128500657244
73 0.08710081613355615
73.2 0.08711035921248772
73.4 0.10082933914117644
73.6 0.10084135254227973
73.8 0.10085336984972258
74 0.10086539109333324
74.2 0.100877416302238
74.4 0.1008894455060572
74.6 0.10090147873599765
74.8 0.10091351601928548
75 0.10092555738712959
75.2 0.10093760286695277
75.4 0.10094965249071598
75.6 0.1009617062864825
75.8 0.10097376428391965
76 0.10098582651177808
76.2 0.10099789300098941
76.4 0.1010099637782953
76.6 0.10102203887575506
76.8 0.10103411832090974
77 0.1010462021436208
77.2 0.10105829037213104
77.4 0.10107038303651984
77.6 0.10108248016632061
77.8 0.10109458178979076
78 0.10110668793477466
78.2 0.10111879863387356
78.4 0.10113091391303677
78.6 0.10114303380077554
78.8 0.10115515832906004
79 0.10116728752492402
79.2 0.10117942141571809
79.4 0.10119156003351343
79.6 0.10120370340385577
79.8 0.10121585155782258
80 0.10122800452368402
80.2 0.10124016232948678
80.4 0.101252325003838
80.6 0.10126449257570067
80.8 0.10127666507420208
81 0.10128884252766847
81.2 0.10130102496217919
81.4 0.10131321240925717
81.6 0.10132540489594073
81.8 0.10133760245094624
82 0.10134980510298441
82.2 0.10136201287982298
82.4 0.10137422580974834
82.6 0.1013864439199812
82.8 0.10139866724127729
83 0.10141089580071411
83.2 0.10142312962424703
83.4 0.10143536874332158
83.6 0.10144761318382187
83.8 0.10145986297468289
84 0.10147211814123357
84.2 0.10148437871521548
84.4 0.10149664472369058
84.6 0.10150891619188908
84.8 0.10152119315108855
85 0.10153347562578896
85.2 0.10154576364489473
85.4 0.10155805723857911
85.6 0.10157035642954139
85.8 0.10158266125105202
86 0.1015949717253703
86.2 0.10160536664114476
86.4 0.10161828074263109
86.6 0.10163120067255796
86.8 0.10164412646069171
87 0.10165705813194845
87.2 0.10166999571508137
87.4 0.10168293923712103
87.6 0.10169588872412391
87.8 0.10170602500643647
88 0.10171839353817168
88.2 0.1017307680247962
88.4 0.1017431484928629
88.6 0.10175553497123367
88.8 0.10176792748718873
89 0.10178032606175133
89.2 0.10179273073101426
89.4 0.10180514151373288
89.6 0.10181755844218698
89.8 0.10182998153882035
90 0.10184241083284987
90.2 0.1018548463494673
90.4 0.10186728811879113
90.6 0.10187973616171696
90.8 0.10189219050990653
91 0.10190465118504198
91.2 0.10191711821788929
91.4 0.10192959163083373
91.6 0.10194207145359874
91.8 0.10195455771121063
92 0.10196705042752685
92.2 0.1019795496320918
92.4 0.10199205535021612
92.6 0.10200456760714065
92.8 0.10201708642950094
93 0.10202961184202539
93.2 0.10204214387219353
93.4 0.10205468254306638
93.6 0.10206722788438694
93.8 0.10207977992046263
94 0.10209233867548545
94.2 0.10210490417684673
94.4 0.11644476312354175
94.6 0.11646011842342441
94.8 0.11647547425044055
95 0.11649083062882204
95.2 0.11650618757976157
95.4 0.11652154512338977
95.6 0.11653690328332902
95.8 0.11655226208375727
96 0.11656762154196329
96.2 0.11658298168507172
96.4 0.11659834253081529
96.6 0.1166137041025109
96.8 0.11662906642445618
97 0.11664442951419499
97.2 0.1166597933937263
97.4 0.11667515809118285
97.6 0.1166905236230712
97.8 0.11670435110410227
98 0.11672029930549095
98.2 0.11673624850033153
98.4 0.11675219871130123
98.6 0.11676814996084665
98.8 0.11678410226806724
99 0.1168000556548245
99.2 0.11681348051511113
99.4 0.11682885453001039
99.6 0.11684422960090549
99.8 0.13309645705795223
100 0.13309974857395745
100.2 0.13310304031764802
100.4 0.13310633246646744
100.6 0.13310962519444922
100.8 0.13311291867872482
101 0.13311621309339575
101.2 0.13311950861662514
101.4 0.13312280542809946
101.6 0.13312610370228314
101.8 0.13312940361699396
102 0.13313270535473296
102.2 0.13313600909215914
102.4 0.13313931500777115
102.6 0.13314262328202842
102.8 0.13314593409486783
103 0.13314924763005304
103.2 0.13315256406392692
103.4 0.13315588358135247
103.6 0.13315920636223355
103.8 0.13316253258860836
104 0.13316586244532216
104.2 0.13316919611330466
104.4 0.13317253377655
104.6 0.13317587561695127
104.8 0.1331792218225698
105 0.1331825725731276
105.2 0.13318592805279053
105.4 0.13318928845301972
105.6 0.13319265395364724
105.8 0.13319602474203604
106 0.13319940100349573
106.2 0.1332027829230457
106.4 0.13320617068841398
106.6 0.13320956448737778
106.8 0.13321296450767203
107 0.1332163709333103
107.2 0.13321978395413944
107.4 0.1332232037567346
107.6 0.13322663053176179
107.8 0.13323006446542354
108 0.1332335057478246
108.2 0.13323695456559237
108.4 0.13324041111041923
108.6 0.13324387557063702
108.8 0.13324734813385483
109 0.13325082899391338
109.2 0.13325431833564677
109.4 0.13325781635484085
109.6 0.13326132323887838
109.8 0.13326483917741058
110 0.13326836436332323
110.2 0.13327189898512776
110.4 0.13327544323475993
110.6 0.13327899730517806
110.8 0.1332825613855268
111 0.13328613566828418
111.2 0.1332897203463767
111.4 0.13329331560678898
111.6 0.13329692164691626
111.8 0.1333005386552791
112 0.13330416682382268
112.2 0.13330780634721462
112.4 0.1333114574173467
112.6 0.13331512022225364
112.8 0.13331879495955803
113 0.13332248181846545
113.2 0.13332618099183585
113.4 0.1333298926721429
113.6 0.13333361705369148
113.8 0.14119000205381688
114 0.14119646671403696
114.2 0.1412029461358587
114.4 0.1412094405059744
114.6 0.14121595001980633
114.8 0.14122247486503153
115 0.14122901522857972
115.2 0.1412355713018695
115.4 0.14124214327573123
115.6 0.14124873133871874
115.8 0.14125533567931509
116 0.14126195648794487
116.2 0.1412685939528081
116.4 0.1412752482652981
116.6 0.14128191961327446
116.8 0.14128860818587383
117 0.14129531417205637
117.2 0.14130203776019837
117.4 0.14130877913983472
117.6 0.1413155384976183
117.8 0.14132231602533757
118 0.14132911190961983
118.2 0.14133592633845232
118.4 0.14134275949829034
118.6 0.14134961158068957
118.8 0.14135648276974028
119 0.14136337325137535
119.2 0.14137028321856815
119.4 0.14137721285075053
119.6 0.14138416234204387
119.8 0.1413911318748925
120 0.14139812163788495
120.2 0.1414051318155435
120.4 0.14141216259172426
120.6 0.14141921415586972
120.8 0.14142628669158414
121 0.14143338037846112
121.2 0.14144049540827155
121.4 0.14144763196507715
121.6 0.14145479022626903
121.8 0.14146197038611436
122 0.14146917261753933
122.2 0.14147639710628648
122.4 0.14148364404333535
122.6 0.14149091359652566
122.8 0.14149820595829163
123 0.14150552130752508
123.2 0.14151285982984327
123.4 0.14152022169834064
123.6 0.1415276070904514
123.8 0.14153501619762648
124 0.14154244919420808
124.2 0.14154990625370414
124.4 0.1415573875599098
124.6 0.1415648932916671
124.8 0.14157242362211764
125 0.1415799787367329
125.2 0.14158755880748622
125.4 0.14159516401198685
125.6 0.14160279452374833
125.8 0.14161045051456206
126 0.1416181321667687
126.2 0.14162583964651754
126.4 0.14163357314794367
126.6 0.1416413328102435
126.8 0.14164911883520523
127 0.14165693136700808
127.2 0.1416647706181187
127.4 0.14166732835072
127.6 0.14167567934853417
127.8 0.14168405760034358
128 0.14169246326866064
128.2 0.14170089652882203
128.4 0.1417093575436919
128.6 0.14171784648503666
128.8 0.14172636350946974
129 0.1417349087947899
129.2 0.14174348249951438
129.4 0.14175208478770532
129.6 0.1417607158295834
129.8 0.14176937578578158
130 0.14177806480871147
130.2 0.1417867830717936
130.4 0.14179553073530315
130.6 0.14180430795200974
130.8 0.14181311488836404
131 0.14182195170028322
131.2 0.1418308185485421
131.4 0.14183971558415645
131.6 0.14184864297354277
131.8 0.14185760086100038
132 0.14186658941753388
132.2 0.14186991604813814
132.4 0.14187850743977862
132.6 0.141887129915759
132.8 0.1418912330723687
133 0.14190037088790133
133.2 0.14190954027366656
133.4 0.14191874137890403
133.6 0.141927974359809
133.8 0.14193723935432154
134 0.14194653651791486
134.2 0.1419558659896614
134.4 0.14196522792144806
134.6 0.141974622449724
134.8 0.1419840497218775
135 0.1419935098791912
135.2 0.1420030030703159
135.4 0.1420125294256786
135.6 0.14202208908665895
135.8 0.1420316821961815
136 0.14204130889108596
136.2 0.142050969307406
136.4 0.14206066357488134
136.6 0.14207039184413928
136.8 0.14208015423086012
137 0.14208498429770783
137.2 0.14209436164192704
137.4 0.14210377346874664
137.6 0.14211321990408926
137.8 0.1421227010772436
138 0.14213221710623386
138.2 0.1421417681430935
138.4 0.1421513542817057
138.6 0.14216097567818817
138.8 0.14217063242569328
139 0.14218032467051614
139.2 0.1421900525298795
139.4 0.1421998161182239
139.6 0.14220961556424158
139.8 0.1422194509790033
140 0.14222932248214964
140.2 0.14223923019168816
140.4 0.1422491742246192
140.6 0.1422591546940363
140.8 0.14226917171540268
141 0.14227922539863036
141.2 0.14228931585350976
141.4 0.14229944319562599
141.6 0.14230960753091676
141.8 0.14231980896438123
142 0.14233004761139195
142.2 0.14234032356743148
142.4 0.14235063694865863
142.6 0.1423609878487603
142.8 0.14237137637804262
143 0.14238180262683545
143.2 0.14239226670948812
143.4 0.14240276871360477
143.6 0.1424133087435892
143.8 0.14242388689212254
144 0.14243450325776189
144.2 0.14244515793527923
144.4 0.14245585101850786
144.6 0.14246658259785575
144.8 0.1424773527613605
145 0.14248816160788202
145.2 0.14249900921725028
145.4 0.1425098956801579
145.6 0.1425208210836587
145.8 0.14253178551005247
146 0.14254278905057052
146.2 0.14255383178224465
146.4 0.14256491378607275
146.6 0.14257603514488504
146.8 0.1425871959386891
147 0.1425983962428704
147.2 0.14260963613818392
147.4 0.14262091569713384
147.6 0.14263223499410732
147.8 0.1426435941048109
148 0.1426549930993452
148.2 0.1426664320484407
148.4 0.14267791102521016
148.6 0.14268943009579468
148.8 0.14270098932632685
149 0.1427125887850336
149.2 0.14272422853584388
149.4 0.14273590864205962
149.6 0.14274762916932188
149.8 0.14275939017519856
150 0.14277119172163438
150.2 0.14278303386720032
150.4 0.14279491666816432
150.6 0.14280684018436504
150.8 0.1428188044690473
151 0.14283080957627753
151.2 0.1428417908366415
151.4 0.14285428514057283
151.6 0.14286682045508398
151.8 0.1428793968231619
152 0.14289201429593673
152.2 0.1429046729168943
152.4 0.14291599265180635
152.6 0.14292832614499043
152.8 0.1429407008917989
153 0.1429531169371596
153.2 0.14296557431881934
153.4 0.14297807308167454
153.6 0.1429906132562652
153.8 0.14300319488948332
154 0.14301581800862764
154.2 0.1430284826552402
154.4 0.14304118885832387
154.6 0.14305393665383592
154.8 0.14306672606949822
155 0.14307955713933143
155.2 0.14309242988690596
155.4 0.14310534434708472
155.6 0.1431183005421392
155.8 0.14313129849827563
156 0.14314433823684
156.2 0.14315741978664795
156.4 0.14317054316497707
156.6 0.1431837083947673
156.8 0.14319691549594923
157 0.14321016448550236
157.2 0.1432234553784643
157.4 0.14323678819640862
157.6 0.14325016294999823
157.8 0.1432635796553101
158 0.14327703832471606
158.2 0.1432905389685757
158.4 0.14330408159880587
158.6 0.14331766622218295
158.8 0.1433312928497645
159 0.14334496148649553
159.2 0.14335867213767348
159.4 0.1433724248121816
159.6 0.1433862195081175
159.8 0.1434000562330417
160 0.14341393498633612
160.2 0.14342785576510605
160.4 0.14344181857188484
160.6 0.14345582340931948
160.8 0.1434689353531515
161 0.1434833958465418
161.2 0.1434978983710304
161.4 0.1435124429198425
161.6 0.14352702948363547
161.8 0.14354165805792815
162 0.1435550335879411
162.2 0.14356937443083073
162.4 0.14358375723651193
162.6 0.14359818199110239
162.8 0.1436126486791855
163 0.14362715728823647
163.2 0.1436417078043111
163.4 0.14365630020381837
163.6 0.1436709344776185
163.8 0.1436856106023429
164 0.14370032856047732
164.2 0.14371508832787994
164.4 0.14372988988681712
164.6 0.1437447332134764
164.8 0.14375961828299452
165 0.14377454507231455
165.2 0.1437895135539909
165.4 0.14380452370519065
165.6 0.14381957549586785
165.8 0.14383466889774915
166 0.14384980388232232
166.2 0.14386498041628443
166.4 0.14388019847449018
166.6 0.15738865976869904
166.8 0.1574065532940311
167 0.15742447911044088
167.2 0.1574424371860704
167.4 0.15746042748446412
167.6 0.15747844997094007
167.8 0.15749650461169135
168 0.1575145913673067
168.2 0.1575327102020043
168.4 0.1575508610752957
168.6 0.15756904394939325
168.8 0.1575872587816868
169 0.1576055055370566
169.2 0.1576237841678102
169.4 0.15764209463350895
169.6 0.15766043689094905
169.8 0.15767881089729377
170 0.15769721660472724
170.2 0.15771565397046414
170.4 0.1577341229476216
170.6 0.15775262348868394
170.8 0.1577711555435223
171 0.15778971906686667
171.2 0.15780831400926662
171.4 0.15782694032054648
171.6 0.1578455979466975
171.8 0.15786428683934955
172 0.1578830069484997
172.2 0.15790175821685973
172.4 0.15792054059468547
172.6 0.15793935402707868
172.8 0.15795819845327122
173 0.1579770738218525
173.2 0.15799598008795016
173.4 0.15801491717869764
173.6 0.15803388504590532
173.8 0.1580484816438616
174 0.15806815244801353
174.2 0.1580878538523557
174.4 0.1581067567852137
174.6 0.1581267828774266
174.8 0.15814683936237137
175 0.1581669261755971
175.2 0.15818704325225297
175.4 0.1582071905359136
175.6 0.15822736795970477
175.8 0.15824655936228288
176 0.158266533403955
176.2 0.1582844822659912
176.4 0.1583041878021793
176.6 0.15832392317464825
176.8 0.15834368831624654
177 0.15836137448308069
177.2 0.15837861935786923
177.4 0.1583983883927479
177.6 0.15841818688319084
177.8 0.15843801477047603
178 0.158457871979433
178.2 0.1584777584419576
178.4 0.15849767409017682
178.6 0.15851761885206728
178.8 0.158537592652267
179 0.1585575954208713
179.2 0.1585776270893313
179.4 0.15859768757891052
179.6 0.15861777682402844
179.8 0.15863789474825898
180 0.1586580412741207
180.2 0.15867821633099502
180.4 0.15869841984458877
180.6 0.15871865173864358
180.8 0.15873891193882594
181 0.15875618167313732
181.2 0.15877673637251433
181.4 0.15879731927886365
181.6 0.15881793030554822
181.8 0.1588372784745268
182 0.15885747974351536
182.2 0.15887770882618993
182.4 0.1588979656426254
182.6 0.1589182501188703
182.8 0.158938562176894
183 0.15895890173133487
183.2 0.15897926870829263
183.4 0.158999663028882
183.6 0.15902008461273381
183.8 0.1590405333788176
184 0.15906100925010216
184.2 0.1590815121438424
184.4 0.15910204198250552
184.6 0.15912259867925688
184.8 0.15914318215788772
185 0.15916379233780506
185.2 0.15918442913486358
185.4 0.1592050924711849
185.6 0.15922578226217587
185.8 0.15924649842549327
186 0.1592672408824872
186.2 0.1592880095478857
186.4 0.15930880433942346
186.6 0.15932962517475724
186.8 0.15935047197230287
187 0.1593713446481366
187.2 0.1593922431213037
187.4 0.15941316730660327
187.6 0.1594341171195543
187.8 0.15945509247915313
188 0.15947609330079798
188.2 0.15949711950232695
188.4 0.15951817099805476
188.6 0.1595392477043212
188.8 0.15956034953964876
189 0.1595814764173393
189.2 0.15960262825434618
189.4 0.15962380496765066
189.6 0.15964500647202898
189.8 0.15966623268332053
190 0.159687483515387
190.2 0.15970875888780722
190.4 0.15973005871632687
190.6 0.15975138291009544
190.8 0.15977200673974887
191 0.15979366110969198
191.2 0.15981533958968874
191.4 0.15983704209339525
191.6 0.1598587685379203
191.8 0.15988051883648047
192 0.1599013275394599
192.2 0.15992235477068995
192.4 0.15994406761604243
192.6 0.15996580392811366
192.8 0.159987563623231
193 0.16000934661596936
193.2 0.16003115282321656
193.4 0.16005243318685705
193.6 0.16007411279849015
193.8 0.16009581542960463
194 0.16011754099670283
194.2 0.16013928941685332
194.4 0.16016106060329344
194.6 0.1601828544758293
194.8 0.1602046709473028
195 0.16022650993755466
195.2 0.1602483713598875
195.4 0.16027025513206894
195.6 0.16029216117135
195.8 0.16031408939405492
196 0.1603360397159707
196.2 0.16035801205555042
196.4 0.16038000632988383
196.6 0.16040202245518273
196.8 0.16042360373812906
197 0.1604458107496364
197.2 0.1604680392979162
197.4 0.1604902893004549
197.6 0.16051256067533043
197.8 0.16053485334163706
198 0.1605571672170844
198.2 0.1605789282312612
198.4 0.16060113731943454
198.6 0.16062336744020644
198.8 0.1606456185115871
199 0.16066789045332114
199.2 0.16069018318458575
199.4 0.16071249662466908
199.6 0.16073483069384217
199.8 0.1607571853107705
