-200 0.035450824523979206
-199.8 0.03544895518602521
-199.6 0.03544708485282704
-199.4 0.03544521352350753
-199.2 0.03544334119718834
-199 0.03544146787298959
-198.8 0.03543959355003012
-198.6 0.03543771822742741
-198.4 0.035435841904297605
-198.2 0.03543396457975542
-198 0.03543208625291432
-197.8 0.03543020692288623
-197.6 0.03542832658878182
-197.4 0.03542644524971028
-197.2 0.03542456290477952
-197 0.03542267955309598
-196.8 0.03542079519376471
-196.6 0.03541890982588941
-196.4 0.03541702344857236
-196.2 0.03541513606091439
-196 0.035413247662014896
-195.8 0.035411358250972
-195.6 0.035409467826882264
-195.4 0.03540757638884086
-195.2 0.03540568393594159
-195 0.03540379046727669
-194.8 0.03540189598193709
-194.6 0.035400000479012275
-194.4 0.035398103957590174
-194.2 0.03539620641675734
-194 0.035394307855598876
-193.8 0.03539240827319829
-193.6 0.0353905076686379
-193.4 0.035388606040998305
-193.2 0.03538670338935878
-193 0.03538479971279704
-192.8 0.03538289501038934
-192.6 0.035380989281210445
-192.4 0.035379082524333666
-192.2 0.03537717473883064
-192 0.03537526592377184
-191.8 0.035373356078225976
-191.6 0.03537144520126025
-191.4 0.03536953329194044
-191.2 0.03536762034933084
-191 0.03536570637249412
-190.8 0.03536379136049143
-190.6 0.035361875312382406
-190.4 0.03535995822722516
-190.2 0.03535804010407629
-190 0.03535612094199075
-189.8 0.035354200740022
-189.6 0.03535227949722202
-189.4 0.03535035721264111
-189.2 0.03534843388532798
-189 0.035346509514329855
-188.8 0.03534458409869238
-188.6 0.03534265763745962
-188.4 0.03534073012967391
-188.2 0.0353388015743762
-188 0.035336871970605664
-187.8 0.03533494131740008
-187.6 0.03533300961379532
-187.4 0.035331076858826006
-187.2 0.03532914305152477
-187 0.035327208190922894
-186.8 0.03532527227604998
-186.6 0.03532333530593383
-186.4 0.03532139727960081
-186.2 0.03531945819607557
-186 0.03531751805438099
-185.8 0.03531557685353852
-185.6 0.03531363459256776
-185.4 0.03531169127048682
-185.2 0.03530974688631195
-185 0.035307801439057804
-184.8 0.03530585492773728
-184.6 0.035303907351361886
-184.4 0.03530195870894098
-184.2 0.035300008999482595
-184 0.03529805822199287
-183.8 0.03529610637547624
-183.6 0.03529415345893558
-183.4 0.035292199471371744
-183.2 0.03529024441178429
-183 0.035288288279170625
-182.8 0.03528633107252658
-182.6 0.03528437279084631
-182.4 0.03528241343312214
-182.2 0.03528045299834459
-182 0.03527849148550266
-181.8 0.035276528893583195
-181.6 0.035274565221571595
-181.4 0.035272600468451314
-181.2 0.03527063463320408
-181 0.03526866771480988
-180.8 0.03526669971224675
-180.6 0.03526473062449101
-180.4 0.035262760450517266
-180.2 0.035260789189298085
-180 0.03525881683980438
-179.8 0.035256843401005225
-179.6 0.03525486887186782
-179.4 0.035252893251357505
-179.2 0.035250916538437836
-179 0.035248938732070446
-178.8 0.035246959831215174
-178.6 0.035244979834829875
-178.4 0.03524299874187069
-178.2 0.03524101655129175
-178 0.03523903326204533
-177.8 0.03523704887308201
-177.6 0.035235063383350106
-177.4 0.035233076791796304
-177.2 0.03523108909736526
-177 0.035229100298999706
-176.8 0.03522711039564066
-176.6 0.035225119386226834
-176.4 0.035223127269695315
-176.2 0.0352211340449811
-176 0.03521913971101725
-175.8 0.03521714426673492
-175.6 0.035215147711063266
-175.4 0.0352131500429294
-175.2 0.03521115126125859
-175 0.035209151364973997
-174.8 0.035207150352996916
-174.6 0.03520514822424638
-174.4 0.03520314497763989
-174.2 0.035201140612092445
-174 0.03519913512651716
-173.8 0.035197128519825385
-173.6 0.035195120790925995
-173.4 0.035193111938726256
-173.2 0.03519110196213107
-173 0.03518909086004332
-172.8 0.03518707863136407
-172.6 0.03518506527499205
-172.4 0.03518305078982393
-172.2 0.03518103517475445
-172 0.03517901842867609
-171.8 0.035177000550479356
-171.6 0.035174981539052554
-171.4 0.03517296139328192
-171.2 0.03517094011205146
-171 0.03516891769424333
-170.8 0.03516689413873711
-170.6 0.03516486944441054
-170.4 0.035162843610139244
-170.2 0.035160816634796394
-170 0.03515878851725329
-169.8 0.035156759256378824
-169.6 0.03515472885103998
-169.4 0.03515269730010113
-169.2 0.03515066460242483
-169 0.0351486307568712
-168.8 0.03514659576229824
-168.6 0.03514455961756164
-168.4 0.035142522321514894
-168.2 0.035140483873009366
-168 0.0351384442708939
-167.8 0.0351364035140153
-167.6 0.03513436160121817
-167.4 0.035132318531344485
-167.2 0.03513027430323419
-167 0.03512822891572498
-166.8 0.03512618236765208
-166.6 0.0351241346578485
-166.4 0.035122085785144905
-166.2 0.035120035748369534
-166 0.03511798454634846
-165.8 0.035115932177905415
-165.6 0.03511387864186151
-165.4 0.035111823937035776
-165.2 0.03510976806224476
-165 0.035107711016302584
-164.8 0.03510565279802088
-164.6 0.035103593406209256
-164.4 0.035101532839674474
-164.2 0.03509947109722126
-164 0.03509740817765155
-163.8 0.03509534407976503
-163.6 0.035093278802359004
-163.4 0.03509121234422814
-163.2 0.035089144704164736
-163 0.035087075880958656
-162.8 0.03508500587339712
-162.6 0.03508293468026512
-162.4 0.035080862300344955
-162.2 0.035078788732416245
-162 0.03507671397525646
-161.8 0.03507463802764039
-161.6 0.03507256088834006
-161.4 0.035070482556125215
-161.2 0.03506840302976296
-161 0.035066322308017796
-160.8 0.03506424038965164
-160.6 0.035062157273423884
-160.4 0.035060072958091194
-160.2 0.0350579874424077
-160 0.035055900725124954
-159.8 0.03505381280499176
-159.6 0.03505172368075431
-159.4 0.03504963335115624
-159.2 0.03504754181493841
-159 0.035045449070838924
-158.8 0.035043355117593405
-158.6 0.03504125995393475
-158.4 0.035039163578592984
-158.2 0.035037065990295505
-158 0.03503496718776708
-157.8 0.03503286716972951
-157.6 0.03503076593490207
-157.4 0.03502866348200107
-157.2 0.03502655980974029
-157 0.035024454916830476
-156.8 0.035022348801979776
-156.6 0.03502024146389329
-156.4 0.035018132901273605
-156.2 0.035016023112820295
-156 0.03501391209723007
-155.8 0.035011799853196794
-155.6 0.03500968637941168
-155.4 0.035007571674562726
-155.2 0.03500545573733538
-155 0.035003338566411836
-154.8 0.03500122016047166
-154.6 0.03499910051819144
-154.4 0.034996979638244746
-154.2 0.034994857519302223
-154 0.03499273416003162
-153.8 0.0349906095590976
-153.6 0.03498848371516195
-153.4 0.03498635662688348
-153.2 0.034984228292917974
-153 0.03498209871191786
-152.8 0.034979967882533304
-152.6 0.034977835803410635
-152.4 0.034975702473193586
-152.2 0.034973567890522514
-152 0.03497143205403504
-151.8 0.03496929496236548
-151.6 0.03496715661414504
-151.4 0.03496501700800175
-151.2 0.03496287614256077
-151 0.034960734016443805
-150.8 0.034958590628269615
-150.6 0.03495644597665364
-150.4 0.034954300060208186
-150.2 0.034952152877542456
-150 0.034950004427262295
-149.8 0.03494785470797036
-149.6 0.03494570371826611
-149.4 0.03494355145674571
-149.2 0.03494139792200209
-149 0.034939243112624904
-148.8 0.034937087027200414
-148.6 0.034934929664311734
-148.4 0.03493277102253849
-148.2 0.034930611100457074
-148 0.034928449896640526
-147.8 0.034926287409658426
-147.6 0.034924123638077086
-147.4 0.03492195858045944
-147.2 0.03491979223536488
-147 0.0349176246013494
-146.8 0.03491545567696569
-146.6 0.03491328546076286
-146.4 0.03491111395128661
-146.2 0.034908941147079105
-146 0.03490676704667908
-145.8 0.034904591648621676
-145.6 0.034902414951438546
-145.4 0.03490023695365784
-145.2 0.03489805765380417
-145 0.034895877050398406
-144.8 0.034893695141957996
-144.6 0.03489151192699678
-144.4 0.03488932740402477
-144.2 0.034887141571548735
-144 0.03488495442807138
-143.8 0.03488276597209192
-143.6 0.03488057620210589
-143.4 0.03487838511660519
-143.2 0.03487619271407794
-143 0.03487399899300839
-142.8 0.03487180395187727
-142.6 0.034869607589161467
-142.4 0.03486740990333404
-142.2 0.03486521089286425
-142 0.034863010556217475
-141.8 0.034860808891855485
-141.6 0.03485860589823604
-141.4 0.03485640157381305
-141.2 0.03485419591703659
-141 0.034851988926352676
-140.8 0.0348497806002036
-140.6 0.034847570937027755
-140.4 0.03484535993525933
-140.2 0.03484314759332866
-140 0.034840933909662294
-139.8 0.03483871888268244
-139.6 0.034836502510807436
-139.4 0.034834284792451695
-139.2 0.034832065726025464
-139 0.03482984530993476
-138.8 0.034827623542581725
-138.6 0.03482540042236438
-138.4 0.03482317594767642
-138.2 0.034820950116907605
-138 0.03481872292844338
-137.8 0.034816494380665114
-137.6 0.03481426447194982
-137.4 0.03481203320067039
-137.2 0.01347930528667361
-137 0.013475683585472084
-136.8 0.013472059195878459
-136.6 0.013468432114791838
-136.4 0.013464802339106735
-136.2 0.01346116986571281
-136 0.013457534691495184
-135.8 0.013453896813333895
-135.6 0.01345025622810464
-135.4 0.013446612932678115
-135.2 0.01344296692392017
-135 0.013439318198692093
-134.8 0.013435666753850342
-134.6 0.013432012586246437
-134.4 0.013428355692727245
-134.2 0.01342469607013467
-134 0.013421033715305938
-133.8 0.01341736862507337
-133.6 0.01341370079626455
-133.4 0.013410030225702073
-133.2 0.013406356910203676
-133 0.013402680846582327
-132.8 0.01339900203164623
-132.6 0.01339532046219838
-132.4 0.013391636135037237
-132.2 0.013387949046956
-132 0.013384259194743222
-131.8 0.013380566575182573
-131.6 0.013376871185052513
-131.4 0.013373173021126868
-131.2 0.013369472080174345
-131 0.013365768358958726
-130.8 0.01336206185423886
-130.6 0.013358352562768702
-130.4 0.013354640481297036
-130.2 0.013350925606567761
-130 0.013347207935319861
-129.8 0.013343487464287226
-129.6 0.013339764190198606
-129.4 0.013336038109778006
-129.2 0.01333230921974411
-129 0.01332857751681083
-128.8 0.013324842997686699
-128.6 0.013321105659075688
-128.4 0.013317365497676087
-128.2 0.013313622510181552
-128 0.013309876693280384
-127.8 0.013306128043656064
-127.6 0.013302376557986703
-127.4 0.01329862223294552
-127.2 0.013294865065200242
-127 0.013291105051413999
-126.8 0.013287342188244324
-126.6 0.013283576472343761
-126.4 0.013279807900359672
-126.2 0.013276036468934275
-126 0.013272262174704678
-125.8 0.013268485014302665
-125.6 0.013264704984354734
-125.4 0.0132609220814825
-125.2 0.013257136302302018
-125 0.013253347643424411
-124.8 0.013249556101455185
-124.6 0.013245761672995012
-124.4 0.013241964354639141
-124.2 0.013238164142977366
-124 0.01323436103459451
-123.8 0.013230555026069915
-123.6 0.013226746113977743
-123.4 0.013222934294886772
-123.2 0.013219119565360368
-123 0.013215301921956909
-122.8 0.013211481361228988
-122.6 0.013207657879724338
-122.4 0.013203831473984856
-122.2 0.013200002140547508
-122 0.013196169875943558
-121.8 0.013192334676699034
-121.6 0.013188496539334604
-121.4 0.013184655460365475
-121.2 0.013180811436301468
-121 0.013176964463646967
-120.8 0.013173114538900816
-120.6 0.013169261658556764
-120.4 0.01316540581910273
-120.2 0.013161547017021331
-120 0.013157685248789703
-119.8 0.013153820510879568
-119.6 0.013149952799756994
-119.4 0.0131460821118827
-119.2 0.013142208443711889
-119 0.013138331791694081
-118.8 0.013134452152273497
-118.6 0.013130569521888666
-118.4 0.013126683896972604
-118.2 0.013122795273952693
-118 0.013118903649250975
-117.8 0.013115009019283698
-117.6 0.01311111138046152
-117.4 0.0131072107291896
-117.2 0.013103307061867511
-117 0.013099400374888995
-116.8 0.013095490664642415
-116.6 0.013091577927510437
-116.4 0.0130876621598699
-116.2 0.013083743358092217
-116 0.01307982151854294
-115.8 0.013075896637582112
-115.6 0.013071968711563913
-115.4 0.013068037736836924
-115.2 0.01306410370974403
-115 0.013060166626622325
-114.8 0.013056226483803116
-114.6 0.013052283277612303
-114.4 0.013048337004369482
-114.2 0.013044387660389038
-114 0.013040435241979132
-113.8 0.013036479745442484
-113.6 0.013032521167075779
-113.4 0.013028559503170074
-113.2 0.013024594750010382
-113 0.013020626903876138
-112.8 0.013016655961040829
-112.6 0.0130126819177721
-112.4 0.013008704770331784
-112.2 0.013004724514975637
-112 0.013000741147953826
-111.8 0.012996754665510452
-111.6 0.012992765063883763
-111.4 0.012988772339306152
-111.2 0.01298477648800401
-111 0.01298077750619782
-110.8 0.012976775390102044
-110.6 0.012972770135925354
-110.4 0.012968761739870372
-110.2 0.012964750198133772
-110 0.012960735506906027
-109.8 0.012956717662371983
-109.6 0.012952696660710304
-109.4 0.012948672498093552
-109.2 0.01294464517068826
-109 0.012940614674655135
-108.8 0.012936581006148635
-108.6 0.012932544161317196
-108.4 0.012928504136303231
-108.2 0.012924460927243092
-108 0.012920414530266816
-107.8 0.012916364941498708
-107.6 0.012912312157056554
-107.4 0.012908256173052347
-107.2 0.012904196985591662
-107 0.012900134590774192
-106.8 0.012896068984693327
-106.6 0.012892000163436218
-106.4 0.012887928123083989
-106.2 0.012883852859711482
-106 0.012879774369387257
-105.8 0.01287569264817391
-105.6 0.012871607692127527
-105.4 0.012867519497298106
-105.2 0.012863428059729403
-105 0.012859333375458729
-104.8 0.012855235440517485
-104.6 0.012851134250930346
-104.4 0.01284702980271622
-104.2 0.01284292209188706
-104 0.012838811114449062
-103.8 0.012834696866401851
-103.6 0.012830579343738673
-103.4 0.012826458542446578
-103.2 0.012822334458506071
-103 0.012818207087891428
-102.8 0.012814076426570497
-102.6 0.012809942470504728
-102.4 0.012805805215649174
-102.2 0.012801664657952313
-102 0.012797520793356493
-101.8 0.012793373617797367
-101.6 0.012789223127204307
-101.4 0.01278506931749999
-101.2 0.012780912184600896
-101 0.012776751724416757
-100.8 0.01277258793285102
-100.6 0.012768420805800512
-100.4 0.012764250339155453
-100.2 0.012760076528799773
-100 0.01275589937061063
-99.8 0.01275171886045861
-99.6 0.012747534994208002
-99.4 0.012743347767716176
-99.2 0.01273915717683409
-99 0.012734963217406112
-98.8 0.012730765885269904
-98.6 0.012726565176256551
-98.4 0.012722361086190513
-98.2 0.01271815361088948
-98 0.012713942746164667
-97.8 0.012709728487820442
-97.6 0.012705510831654665
-97.4 0.012701289773458278
-97.2 0.012697065309015551
-97 0.012692837434104244
-96.8 0.012688606144495183
-96.6 0.012684371435952437
-96.4 0.012680133304233385
-96.2 0.012675891745088754
-96 0.012671646754262128
-95.8 0.01266739832749071
-95.6 0.012663146460504631
-95.4 0.012658891149027266
-95.2 0.01265463238877515
-95 0.012650370175458022
-94.8 0.012646104504778669
-94.6 0.012641835372433208
-94.4 0.01263756277411064
-94.2 0.012633286705493102
-94 0.012629007162255982
-93.8 0.012624724140067708
-93.6 0.012620437634589608
-93.4 0.012616147641476293
-93.2 0.01261185415637517
-93 0.012607557174926991
-92.8 0.012603256692765302
-92.6 0.0125989527055167
-92.4 0.01259464520880083
-92.2 0.0125903341982302
-92 0.012586019669410545
-91.8 0.01258170161794021
-91.6 0.012577380039410781
-91.4 0.012573054929406597
-91.2 0.012568726283505033
-91 0.012564394097276286
-90.8 0.012560058366283482
-90.6 0.0125557190860827
-90.4 0.012551376252222779
-90.2 0.012547029860245501
-90 0.012542679905685408
-89.8 0.01253832638406995
-89.6 0.012533969290919381
-89.4 0.012529608621746796
-89.2 0.012525244372058004
-89 0.012520876537351662
-88.8 0.01251650511311913
-88.6 0.012512130094844639
-88.4 0.01250775147800508
-88.2 0.012503369258070095
-88 0.01249898343050199
-87.8 0.012494593990755969
-87.6 0.012490200934279744
-87.4 0.012485804256513707
-87.2 0.012481403952891096
-87 0.012477000018837486
-86.8 0.012472592449771506
-86.6 0.012468181241104116
-86.4 0.012463766388238947
-86.2 0.012459347886572271
-86 0.012454925731493087
-85.8 0.01245049991838267
-85.6 0.012446070442615082
-85.4 0.012441637299556971
-85.2 0.012437200484567297
-85 0.012432759992997795
-84.8 0.012428315820192562
-84.6 0.012423867961488328
-84.4 0.012419416412214066
-84.2 0.012414961167691554
-84 0.012410502223234764
-83.8 0.012406039574150214
-83.6 0.012401573215736884
-83.4 0.012397103143286209
-83.2 0.012392629352081882
-83 0.01238815183740018
-82.8 0.012383670594509559
-82.6 0.012379185618671124
-82.4 0.012374696905138025
-82.2 0.012370204449155986
-82 0.012365708245962996
-81.8 0.012361208290789278
-81.6 0.01235670457885754
-81.4 0.012352197105382537
-81.2 0.012347685865571445
-81 0.012343170854623824
-80.8 0.01233865206773132
-80.6 0.012334129500077737
-80.4 0.012329603146839374
-80.2 0.012325073003184453
-80 0.012320539064273623
-79.8 0.012316001325259613
-79.6 0.012311459781287344
-79.4 0.012306914427493923
-79.2 0.01230236525900846
-79 0.012297812270952356
-78.8 0.012293255458439118
-78.6 0.012288694816574188
-78.4 0.01228413034045544
-78.2 0.01227956202517247
-78 0.01227498986580707
-77.8 0.012270413857433183
-77.6 0.012265833995116687
-77.4 0.01226125027391539
-77.2 0.012256662688879379
-77 0.012252071235050416
-76.8 0.012247475907462578
-76.6 0.012242876701141657
-76.4 0.012238273611105402
-76.2 0.01223366663236377
-76 0.012229055759918325
-75.8 0.012224440988762707
-75.6 0.012219822313882524
-75.4 0.012215199730255068
-75.2 0.012210573232849678
-75 0.012205942816627513
-74.8 0.012201308476541509
-74.6 0.012196670207536543
-74.4 0.012192028004549237
-74.2 0.012187381862508067
-74 0.01218273177633323
-73.8 0.012178077740936802
-73.6 0.01217341975122244
-73.4 0.012168757802085909
-73.2 0.012164091888414207
-73 0.012159422005086568
-72.8 0.01215474814697353
-72.6 0.012150070308937649
-72.4 0.012145388485832829
-72.2 0.01214070267250498
-72 0.012136012863791406
-71.8 0.012131319054521169
-71.6 0.012126621239514995
-71.4 0.012121919413585102
-71.2 0.012117213571535411
-71 0.012112503708161443
-70.8 0.012107789818250132
-70.6 0.01210307189658014
-70.4 0.01209834993792162
-70.2 0.012093623937036174
-70 0.012088893888677054
-69.8 0.012084159787588915
-69.6 0.012079421628507954
-69.4 0.012074679406161833
-69.2 0.012069933115269571
-69 0.012065182750541793
-68.8 0.012060428306680528
-68.6 0.012055669778379106
-68.4 0.012050907160322373
-68.2 0.012046140447186498
-68 0.012041369633639021
-67.8 0.012036594714338942
-67.6 0.012031815683936558
-67.4 0.012027032537073446
-67.2 0.01202224526838252
-67 0.01201745387248806
-66.8 0.012012658344005606
-66.6 0.012007858677541892
-66.4 0.012003054867695123
-66.2 0.011998246909054423
-66 0.011993434796200608
-65.8 0.011988618523705299
-65.6 0.011983798086131519
-65.4 0.011978973478033337
-65.2 0.011974144693956312
-65 0.011969311728436776
-64.8 0.011964474576002625
-64.6 0.01195963323117251
-64.4 0.011954787688456312
-64.2 0.011949937942355195
-64 0.01194508398736131
-63.8 0.011940225817957756
-63.6 0.011935363428618912
-63.4 0.011930496813810103
-63.2 0.011925625967987663
-63 0.011920750885599072
-62.8 0.011915871561082586
-62.6 0.011910987988867715
-62.4 0.011906100163374875
-62.2 0.011901208079015306
-62 0.011896311730191317
-61.8 0.01189141111129629
-61.6 0.011886506216714311
-61.4 0.011881597040820488
-61.2 0.011876683577980648
-61 0.01187176582255183
-60.8 0.011866843768881558
-60.6 0.011861917411308659
-60.4 0.011856986744162414
-60.2 0.011852051761763011
-60 0.011847112458421594
-59.8 0.011842168828440022
-59.6 0.011837220866110873
-59.4 0.011832268565717632
-59.2 0.011827311921534306
-59 0.011822350927825943
-58.8 0.011817385578848108
-58.6 0.01181241586884715
-58.4 0.011807441792060102
-58.2 0.011802463342714667
-58 0.011797480515029322
-57.8 0.011792493303212952
-57.6 0.011787501701465433
-57.4 0.011782505703976936
-57.2 0.011777505304928437
-57 0.01177250049849146
-56.8 0.011767491278828217
-56.6 0.011762477640091244
-56.4 0.011757459576423811
-56.2 0.011752437081959787
-56 0.011747410150823458
-55.8 0.011742378777129563
-55.6 0.011737342954983541
-55.4 0.011732302678481186
-55.2 0.011727257941708723
-55 0.01172220873874293
-54.8 0.011717155063651093
-54.6 0.011712096910490676
-54.4 0.011707034273309876
-54.2 0.011701967146146991
-54 0.011696895523030899
-53.8 0.011691819397980845
-53.6 0.01168673876500636
-53.4 0.01168165361810731
-53.2 0.01167656395127403
-53 0.01167146975848709
-52.8 0.011666371033717223
-52.6 0.011661267770925613
-52.4 0.011656159964063889
-52.2 0.011651047607073504
-52 0.011645930693886482
-51.8 0.01164080921842498
-51.6 0.011635683174601475
-51.4 0.011630552556318504
-51.2 0.011625417357468918
-51 0.011620277571935603
-50.8 0.011615133193591785
-50.6 0.011609984216300778
-50.4 0.011604830633915902
-50.2 0.011599672440280727
-50 0.011594509629229094
-49.8 0.011589342194584596
-49.6 0.011584170130161163
-49.4 0.011578993429762659
-49.2 0.011573812087183086
-49 0.011568626096206324
-48.8 0.011563435450606691
-48.6 0.011558240144147972
-48.4 0.011553040170584398
-48.2 0.011547835523659861
-48 0.01154262619710853
-47.8 0.011537412184654289
-47.6 0.011532193480011093
-47.4 0.011526970076882768
-47.2 0.011521741968963111
-47 0.011516509149935709
-46.8 0.011511271613474271
-46.6 0.011506029353242093
-46.4 0.011500782362892727
-46.2 0.011495530636069142
-46 0.01149027416640444
-45.8 0.011485012947521406
-45.6 0.011479746973032641
-45.4 0.011474476236540685
-45.2 0.011469200731637647
-45 0.011463920451905751
-44.8 0.011458635390916412
-44.6 0.01145334554223138
-44.4 0.011448050899401927
-44.2 0.011442751455968864
-44 0.011437447205462888
-43.8 0.011432138141404412
-43.6 0.011426824257303363
-43.4 0.0114215055466596
-43.2 0.01141618200296234
-43 0.011410853619690691
-42.8 0.01140552039031315
-42.6 0.011400182308288147
-42.4 0.011394839367063345
-42.2 0.011389491560076266
-42 0.011384138880753911
-41.8 0.011378781322512856
-41.6 0.0113734188787592
-41.4 0.01136805154288868
-41.2 0.011362679308286461
-41 0.011357302168327107
-40.8 0.01135192011637513
-40.6 0.011346533145783915
-40.4 0.011341141249896835
-40.2 0.01133574442204644
-40 0.011330342655554815
-39.8 0.011324935943733535
-39.6 0.011319524279883501
-39.4 0.011314107657295134
-39.2 0.011308686069248088
-39 0.011303259509011686
-38.8 0.011297827969844349
-38.6 0.011292391444994004
-38.4 0.011286949927697947
-38.2 0.011281503411182668
-38 0.01127605188866424
-37.8 0.011270595353347733
-37.6 0.011265133798427791
-37.4 0.011259667217088336
-37.2 0.011254195602502376
-37 0.011248718947832262
-36.8 0.011243237246229849
-36.6 0.011237750490835802
-36.4 0.01123225867478045
-36.2 0.011226761791183036
-36 0.011221259833152194
-35.8 0.011215752793785599
-35.6 0.011210240666170329
-35.4 0.01120472344338245
-35.2 0.011199201118487339
-35 0.011193673684539418
-34.8 0.011188141134582243
-34.6 0.011182603461648639
-34.4 0.011177060658760438
-34.2 0.011171512718928654
-34 0.011165959635153282
-33.8 0.011160401400423564
-33.6 0.011154838007717693
-33.4 0.01114926945000302
-33.2 0.01114369572023599
-33 0.011138116811361839
-32.8 0.0111325327163152
-32.6 0.011126943428019561
-32.4 0.011121348939387238
-32.2 0.011115749243319864
-32 0.011110144332707949
-31.8 0.011104534200430966
-31.6 0.011098918839357394
-31.4 0.011093298242344644
-31.2 0.011087672402239061
-31 0.011082041311876045
-30.8 0.01107640496407982
-30.6 0.011070763351663614
-30.4 0.011065116467429454
-30.2 0.01105946430416838
-30 0.011053806854660392
-29.8 0.011048144111674265
-29.6 0.01104247606796761
-29.4 0.01103680271628697
-29.2 0.011031124049367813
-29 0.011025440059934399
-28.8 0.011019750740699812
-28.6 0.011014056084365976
-28.4 0.011008356083623622
-28.2 0.011002650731152377
-28 0.010996940019620616
-27.8 0.010991223941685507
-27.6 0.010985502489993054
-27.4 0.010979775657177988
-27.2 0.010974043435863848
-27 0.010968305818662897
-26.8 0.010962562798176157
-26.6 0.010956814366993523
-26.4 0.010951060517693506
-26.2 0.010945301242843321
-26 0.010939536534999059
-25.8 0.010933766386705328
-25.6 0.010927990790495645
-25.4 0.01092220973889219
-25.2 0.01091642322440562
-25 0.010910631239535644
-24.8 0.010904833776770307
-24.6 0.01089903082858665
-24.4 0.01089322238745007
-24.2 0.010887408445814803
-24 0.010881588996123749
-23.8 0.01087576403080846
-23.6 0.010869933542289
-23.4 0.010864097522974259
-23.2 0.010858255965261533
-23 0.01085240886153695
-22.8 0.0108465562041752
-22.6 0.010840697985539391
-22.4 0.010834834197981624
-22.2 0.010828964833842297
-22 0.010823089885450296
-21.8 0.010817209345123618
-21.6 0.010811323205168304
-21.4 0.010805431457879114
-21.2 0.010799534095539654
-21 0.010793631110421859
-20.8 0.010787722494786198
-20.6 0.010781808240881794
-20.4 0.010775888340946303
-20.2 0.010769962787205939
-20 0.01076403157187546
-19.8 0.01075809468715823
-19.6 0.010752152125246023
-19.4 0.010746203878319193
-19.2 0.01074024993854677
-19 0.010734290298086153
-18.8 0.01072832494908323
-18.6 0.010722353883672639
-18.4 0.010716377093977318
-18.2 0.010710394572108864
-18 0.010704406310167214
-17.8 0.010698412300240987
-17.6 0.010692412534407381
-17.4 0.010686407004731814
-17.2 0.010680395703268425
-17 0.010674378622059907
-16.8 0.01066835575313725
-16.6 0.01066232708852008
-16.4 0.0106562926202165
-16.2 0.01065025234022323
-16 0.010644206240525164
-15.8 0.010638154313096074
-15.6 0.010632096549898018
-15.4 0.010626032942881511
-15.2 0.010619963483985756
-15 0.010613888165138188
-14.8 0.010607806978255188
-14.6 0.010601719915240901
-14.4 0.010595626967988795
-14.2 0.01058952812838023
-14 0.010583423388285412
-13.8 0.010577312739562824
-13.6 0.010571196174059588
-13.4 0.010565073683611294
-13.2 0.010558945260041952
-13 0.010552810895164272
-12.8 0.010546670580779242
-12.6 0.010540524308676502
-12.4 0.010534372070634172
-12.2 0.010528213858419025
-12 0.010522049663786013
-11.8 0.010515879478478943
-11.6 0.010509703294229992
-11.4 0.010503521102759827
-11.2 0.010497332895777896
-11 0.010491138664981817
-10.8 0.010484938402057976
-10.6 0.0104787320986813
-10.4 0.010472519746515243
-10.2 0.010466301337211808
-10 0.010460076862411499
-9.8 0.010453846313743414
-9.6 0.010447609682825322
-9.4 0.01044136696126338
-9.2 0.010435118140652571
-9 0.010428863212576262
-8.8 0.010422602168606509
-8.6 0.010416335000303872
-8.4 0.010410061699217727
-8.2 0.010403782256885912
-8 0.01039749666483481
-7.8 0.010391204914579627
-7.6 0.0103849069976242
-7.4 0.010378602905460757
-7.2 0.010372292629570574
-7 0.01036597616142319
-6.8 0.010359653492477134
-6.6 0.010353324614179473
-6.4 0.010346989517966079
-6.2 0.010340648195261289
-6 0.010334300637478486
-5.8 0.010327946836019519
-5.6 0.010321586782275034
-5.4 0.010315220467624597
-5.2 0.010308847883436313
-5 0.010302469021067092
-4.8 0.010296083871862718
-4.6 0.010289692427157788
-4.4 0.010283294678275585
-4.2 0.010276890616528282
-4 0.010270480233216962
-3.8 0.01026406351963135
-3.6 0.01025764046705035
-3.4 0.010251211066741326
-3.2 0.01024477530996095
-3 0.010238333187954555
-2.8 0.01023188469195643
-2.6 0.010225429813189954
-2.4 0.010218968542867166
-2.2 0.010212500872189393
-2 0.010206026792346706
-1.8 0.01019954629451833
-1.6 0.010193059369872477
-1.4 0.010186566009566352
-1.2 0.010180066204746182
-1 0.01017355994654747
-0.8 0.010167047226094557
-0.6 0.010160528034501086
-0.4 0.010154002362869778
-0.2 0.01014747020229246
0 0.010140931543850108
0.2 0.032761034261059016
0.4 0.032756648323638074
0.6 0.03275225387212255
0.8 0.03274785086284065
1 0.03274343925182225
1.2 0.032739018994796976
1.4 0.032734590047191654
1.6 0.032730152364128046
1.8 0.032725705900421204
2 0.032721250610576305
2.2 0.03271678644878715
2.4 0.03271231336893327
2.6 0.03270783132457786
2.8 0.03270334026896546
3 0.03269884015501941
3.2 0.032694330935339716
3.4 0.032689812562200375
3.6 0.03268528498754713
3.8 0.03268074816299518
4 0.03267620203982622
4.2 0.03267164656898631
4.4 0.03266708170108371
4.6 0.0326625073863856
4.8 0.0326579235748162
5 0.03265333021595387
5.2 0.03264872725902861
5.4 0.032644114652919894
5.6 0.03263949234615312
5.8 0.03263486028689778
6 0.03263021842296467
6.2 0.03262556670180314
6.4 0.032620905070498314
6.6 0.03261623347576841
6.8 0.03261155186396223
7 0.032606860181056095
7.2 0.0326021583726514
7.4 0.032597446383971614
7.6 0.03259272415985941
7.8 0.03258799164477414
8 0.03258324878278855
8.2 0.032578495517586605
8.4 0.0325737317924596
8.6 0.03256895755030414
8.8 0.03256417273361872
9 0.03255937728450104
9.2 0.032554571144644724
9.4 0.03254975425533662
9.6 0.03254492655745364
9.8 0.03254008799145952
10 0.032535238497402315
10.2 0.03253037801491065
10.4 0.03252550648319098
10.6 0.03252062384102444
10.8 0.03251573002676351
11 0.03251082497832907
11.2 0.03250590863320706
11.4 0.032500980928445194
11.6 0.03249604180064978
11.8 0.03249109118598249
12 0.032486129020157135
12.2 0.03248115523843583
12.4 0.03247616977562659
12.6 0.03247117256607889
12.8 0.03246616354368105
13 0.0324611426418566
13.2 0.032456109793560554
13.4 0.03245106493127634
13.6 0.032446007987012054
13.8 0.03244093889229713
14 0.032435857578178504
14.2 0.032430763975217325
14.4 0.03242565801348526
14.6 0.03242053962256067
14.8 0.032415408731525465
15 0.032410265268960875
15.2 0.03240510916294413
15.4 0.032399940341044334
15.6 0.03239475873031929
15.8 0.032389564257311244
16 0.032384356848043104
16.2 0.03237913642801482
16.4 0.032373902922199535
16.6 0.032368656255039444
16.8 0.03236339635044193
17 0.03235812313177587
17.2 0.032352836521867503
17.4 0.032347536442996115
17.6 0.03234222281689086
17.8 0.032336895564725535
18 0.0323315546071155
18.2 0.03232619986411301
18.4 0.0323208312552034
18.6 0.03231544869930053
18.8 0.032310052114742804
19 0.032304641419289175
19.2 0.03229921653011433
19.4 0.032293777363804954
19.6 0.032288323836354965
19.8 0.032282855863161465
20 0.03227737335902015
20.2 0.032271876238121305
20.4 0.03226636441404458
20.6 0.032260837799755346
20.8 0.03225529630759986
21 0.032249739849300366
21.2 0.03224416833595124
21.4 0.03223858167801385
21.6 0.032232979785312255
21.8 0.03222736256702828
22 0.03222172993169685
22.2 0.032216081787201645
22.4 0.032210418040769906
22.6 0.03220473859896785
22.8 0.03219904336769565
23 0.03219333225218307
23.2 0.032187605156983955
23.4 0.03218186198597174
23.6 0.03217610264233453
23.8 0.03217032702856973
24 0.032164535046479405
24.2 0.03215872659716504
24.4 0.032152901581022617
24.6 0.03214705989773736
24.8 0.03214120144627839
25 0.0321353261248943
25.2 0.03212943383110703
25.4 0.03212352446170699
25.6 0.032117597912748055
25.8 0.032111654079541876
26 0.032105692856652504
26.2 0.03209971413789132
26.4 0.03209371781631131
26.6 0.032087703784201886
26.8 0.03208167193308299
27 0.03207562215370005
27.2 0.032069554336018144
27.4 0.03206346836921636
27.6 0.03205736414168219
27.8 0.03205124154100621
28 0.03204510045397568
28.2 0.032038940766569546
28.4 0.03203276236395219
28.6 0.032026565130467644
28.8 0.03202034894963405
29 0.03201411370413753
29.2 0.03200785927582623
29.4 0.032001585545704536
29.6 0.031995292393926844
29.8 0.03198897969979187
30 0.03198264734173625
30.2 0.03197629519732857
30.4 0.031969923143263454
30.6 0.03196353105535491
30.8 0.03195711880853045
31 0.03195068627682471
31.2 0.031944233333373324
31.4 0.031937759850406394
31.6 0.031931265699242255
31.8 0.03192475075028085
32 0.03191821487299777
32.2 0.03191165793593733
32.4 0.031905079806706156
32.6 0.031898480351966796
32.8 0.03189185943743077
33 0.031885216927852525
33.2 0.03187855268702221
33.4 0.03187186657775913
33.6 0.031865158461905366
33.8 0.03185842820031841
34 0.03185167565286469
34.2 0.031844900678412606
34.4 0.031838103134826046
34.6 0.031831282878956466
34.8 0.031824439766637104
35 0.031817573652675145
35.2 0.03181068439084499
35.4 0.03180377183388109
35.6 0.03179683583347101
35.8 0.03178987624024772
36 0.03178289290378329
36.2 0.031775885672580974
36.4 0.03176885439406786
36.6 0.031761798914588
36.8 0.03175471907939496
37 0.03174761473264424
37.2 0.031740485717385865
37.4 0.03173333187555696
37.6 0.03172615304797462
37.8 0.03171894907432754
38 0.03171171979316922
38.2 0.03170446504190996
38.4 0.03169718465680937
38.6 0.03168987847296851
38.8 0.03168254632432213
39 0.03167518804363131
39.2 0.03166780346247509
39.4 0.031660392411243105
39.6 0.03165295471912732
39.8 0.031645490214114363
40 0.03163799872297755
40.2 0.03163048007126877
40.4 0.03162293408331051
40.6 0.031615360582187876
40.8 0.03160775938974042
41 0.031600130326553934
41.2 0.03159247321195247
41.4 0.031584787863989924
41.6 0.0315770740994418
41.8 0.03156933173379719
42 0.03156156058125012
42.2 0.031553760454691646
42.4 0.03154593116570069
42.6 0.03153807252453648
42.8 0.031530184340129594
43 0.03152226642007369
43.2 0.03151431857061674
43.4 0.03150634059665276
43.6 0.03149833230171303
43.8 0.031490293487957496
44 0.031482223956166275
44.2 0.03147412350573058
44.4 0.03146599193464444
44.6 0.031457829039495566
44.8 0.03144963461545718
45 0.03144140845627829
45.2 0.03143315035427553
45.4 0.03142486010032393
45.6 0.031416537483848456
45.8 0.03140818229281441
46 0.03139979431371904
46.2 0.031391373331582165
46.4 0.03138291912993741
46.6 0.03137443149082278
46.8 0.03136591019477219
47 0.03135735502080567
47.2 0.03134876574642071
47.4 0.03134014214758286
47.6 0.03133148399871656
47.8 0.031322791072696005
48 0.031314063140835735
48.2 0.03130529997288172
48.4 0.031296501337001466
48.6 0.03128766699977535
48.8 0.03127879672618686
49 0.03126989027961322
49.2 0.03126094742181639
49.4 0.031251967912933255
49.6 0.031242951511465993
49.8 0.031233897974273634
50 0.031224807056561263
50.2 0.0312156785118715
50.4 0.03120651209207465
50.6 0.031197307547359082
50.8 0.03118806462622165
51 0.031178783075458537
51.2 0.031169462640155205
51.4 0.031160103063677013
51.6 0.031150704087659672
51.8 0.031141265451999137
52 0.031131786894842972
52.2 0.031122268152579378
52.4 0.031112708959828664
52.6 0.03110310904943303
52.8 0.031093468152446915
53 0.031083785998127254
53.2 0.03107406231392406
53.4 0.031064296825470416
53.6 0.03105448925657266
53.8 0.03104463932920123
54 0.031034746763480142
54.2 0.031024811277677915
54.4 0.03101483258819736
54.6 0.031004810409566198
54.8 0.030994744454426886
55 0.030984634433527464
55.2 0.03097448005571099
55.4 0.030964281027906725
55.6 0.030954037055119434
55.8 0.03094374784042037
56 0.030933413084937248
56.2 0.03092303248784449
56.4 0.030912605746353173
56.6 0.030902132555702243
56.8 0.030891612609147665
57 0.03088104559795364
57.2 0.03087043121138188
57.4 0.03085976913668336
57.6 0.030849059059086848
57.8 0.030838300661790927
58 0.03082749362595313
58.2 0.030816637630681036
58.4 0.030805732353022166
58.6 0.030794777467954705
58.8 0.030783772648377596
59 0.03077271756510146
59.2 0.03076161188683832
59.4 0.03075045528019296
59.6 0.030739247409652434
59.8 0.030727987937577562
60 0.030716676524192802
60.2 0.030705312827577144
60.4 0.030693896503654332
60.6 0.030682427206184085
60.8 0.03067090458675241
61 0.030659328294762218
61.2 0.03064769797742421
61.4 0.03063601327974767
61.6 0.03062427384453117
61.8 0.030612479312353228
62 0.030600629321563808
62.2 0.030588723508274504
62.4 0.030576761506349956
62.6 0.030564742947398714
62.8 0.030552667460764134
63 0.03054053467351597
63.2 0.030528344210440803
63.4 0.030516095694034052
63.6 0.03050378874449032
63.8 0.030491422979695357
64 0.030478998015217407
64.2 0.030466513464297934
64.4 0.030453968937844054
64.6 0.030441364044419366
64.8 0.03042869839023562
65 0.03041597157914465
65.2 0.030403183212629775
65.4 0.030390332889797738
65.6 0.030377420207370574
65.8 0.030364444759677277
66 0.03035140613864618
66.2 0.030338303933796607
66.4 0.030325137732231167
66.6 0.03031190711862789
66.8 0.03029861167523281
67 0.03028525098185146
67.2 0.030271824615842498
67.4 0.03025833215210931
67.6 0.030244773163093052
67.8 0.03023114721876476
68 0.03021745388661912
68.2 0.03020369273166621
68.4 0.030189863316425185
68.6 0.030175965200917112
68.8 0.030161997942657923
69 0.030147961096651882
69.2 0.030133854215384653
69.4 0.030119676848817018
69.6 0.030105428544378157
69.8 0.03009110884695937
70 0.030076717298907648
70.2 0.03006225344001973
70.4 0.030047716807535856
70.6 0.030033106936134035
70.8 0.030018423357923752
71 0.030003665602440735
71.2 0.02998883319664123
71.4 0.02997392566489611
71.6 0.02995894252898593
71.8 0.029943883308095387
72 0.029928747518808536
72.2 0.02991353467510318
72.4 0.029898244288346566
72.6 0.029882875867290295
72.8 0.029867428918065708
73 0.029851902944179335
73.2 0.0298362974465088
73.4 0.029820611923298202
73.6 0.029804845870154154
73.8 0.02978899878004195
74 0.029773070143281396
74.2 0.02975705944754362
74.4 0.02974096617784693
74.6 0.02972478981655374
74.8 0.029708529843367425
75 0.029692185735328825
75.2 0.02967575696681376
75.4 0.029659243009529733
75.6 0.029642643332513447
75.8 0.02962595740212858
76 0.029609184682062976
76.2 0.029592324633326814
76.4 0.029575376714250368
76.6 0.0295583403804822
76.8 0.029541215084987336
77 0.02952400027804608
77.2 0.02950669540725215
77.4 0.029489299917511775
77.6 0.029471813251042735
77.8 0.029454234847373185
78 0.02943656414334106
78.2 0.029418800573093727
78.4 0.029400943568087628
78.6 0.029382992557087657
78.8 0.02936494696616787
79 0.029346806218710983
79.2 0.029328569735409545
79.4 0.02931023693426555
79.6 0.029291807230591983
79.8 0.029273280037013367
80 0.02925465476346688
80.2 0.029235930817203753
80.4 0.029217107602790875
80.6 0.02919818452211226
80.8 0.029179160974371014
81 0.02916003635609154
81.2 0.02914081006112162
81.4 0.029121481480635078
81.6 0.029102050003134636
81.8 0.02908251501445406
82 0.02906287589776208
82.2 0.029043132033565396
82.4 0.029023282799712002
82.6 0.029003327571394958
82.8 0.028983265721156642
83 0.028963096618892414
83.2 0.028942819631855188
83.4 0.028922434124660033
83.6 0.028901939459288855
83.8 0.02888133499509534
84 0.02886062008881034
84.2 0.028839794094547077
84.4 0.02881885636380706
84.6 0.02879780624548558
84.8 0.028776643085878118
85 0.028755366228686484
85.2 0.028733975015025552
85.4 0.028712468783429954
85.6 0.028690846869860866
85.8 0.02866910860771343
86 0.028647253327824473
86.2 0.028625280358479496
86.4 0.028603189025421465
86.6 0.028580978651858338
86.8 0.02855864855847188
87 0.028536198063425833
87.2 0.02851362648237539
87.4 0.028490933128475806
87.6 0.02846811731239244
87.8 0.02844517834230941
88 0.02842211552394044
88.2 0.02839892816053819
88.4 0.028375615552905274
88.6 0.028352176999404458
88.8 0.028328611795969603
89 0.028304919236116936
89.2 0.028281098610956495
89.4 0.02825714920920346
89.6 0.028233070317190266
89.8 0.02820886121887875
90 0.028184521195872888
90.2 0.02816004952743065
90.4 0.028135445490478115
90.6 0.028110708359621896
90.8 0.02808583740716275
91 0.028060831903109817
91.2 0.028035691115194
91.4 0.028010414308883198
91.6 0.027985000747396006
91.8 0.027959449691717347
92 0.027933760400613263
92.2 0.027907932130646542
92.4 0.027881964136192577
92.6 0.027855855669455386
92.8 0.02782960598048359
93 0.02780321431718796
93.2 0.027776679925357727
93.4 0.027750002048677728
93.6 0.02772317992874679
93.8 0.027696212805094593
94 0.027669099915200994
94.2 0.027641840494513494
94.4 0.02761443377646699
94.6 0.027586878992502093
94.8 0.027559175372085694
95 0.027531322142729724
95.2 0.027503318530012102
95.4 0.027475163757596843
95.6 0.027446857047255278
95.8 0.02741839761888678
96 0.02738978469054095
96.2 0.027361017478438814
96.4 0.027332095196995816
96.6 0.027303017058843953
96.8 0.027273782274855288
97 0.027244390054164964
97.2 0.027214839604195056
97.4 0.027185130130678803
97.6 0.027155260837685446
97.8 0.027125230927644642
98 0.027095039601372484
98.2 0.027064686058096653
98.4 0.027034169495483276
98.6 0.02700348910966317
98.8 0.026972644095258704
99 0.02694163364541208
99.2 0.026910456951812663
99.4 0.026879113204725164
99.6 0.026847601593019306
99.8 0.026815921304198895
100 0.026784071524431016
100.2 0.026752051438577274
100.4 0.026719860230223855
100.6 0.026687497081713314
100.8 0.0266549611741762
101 0.02662225168756341
101.2 0.026589367800679106
101.4 0.026556308691213934
101.6 0.026523073535779387
101.8 0.02648966150994195
102 0.02645607178825833
102.2 0.026422303544311288
102.4 0.026388355950745877
102.6 0.0263542281793061
102.8 0.026319919400872603
103 0.026285428785500907
103.2 0.026250755502460046
103.4 0.026215898720271996
103.6 0.02618085760675196
103.8 0.02614563132904896
104 0.026110219053687548
104.2 0.026074619946609926
104.4 0.026038833173218597
104.6 0.02600285789842076
104.8 0.025966693286671772
105 0.025930338502021547
105.2 0.0258937927081595
105.4 0.025857055068461626
105.6 0.02582012474603901
105.8 0.02578300090378474
106 0.0257456827044247
106.2 0.025708169310566895
106.4 0.025670459884753107
106.6 0.02563255358951043
106.8 0.025594449587404686
107 0.025556147041094233
107.2 0.025517645113384523
107.4 0.025478942967284587
107.6 0.025440039766063464
107.8 0.025400934673308506
108 0.025361626852984376
108.2 0.025322115469492527
108.4 0.025282399687733617
108.6 0.02524247867316878
108.8 0.025202351591883925
109 0.025162017610653873
109.2 0.025121475897008663
109.4 0.02508072561930031
109.6 0.025039765946771937
109.8 0.024998596049626773
110 0.024957215099099476
110.2 0.02491562226752845
110.4 0.024873816728429716
110.6 0.024831797656572084
110.8 0.024789564228053694
111 0.024747115620379963
111.2 0.024704451012543212
111.4 0.024661569585104178
111.6 0.02461847052027378
111.8 0.024575153001998487
112 0.02453161621604517
112.2 0.024487859350089368
112.4 0.02444388159380452
112.6 0.02439968213895229
112.8 0.02435526017947605
113 0.024310614911595
113.2 0.024265745533901203
113.4 0.024220651247457044
113.6 0.024175331255896094
113.8 0.024129784765524905
114 0.024084010985427725
114.2 0.024038009127572132
114.4 0.023991778406918
114.6 0.023945318041527254
114.8 0.023898627252677298
115 0.023851705264975
115.2 0.023804551306474724
115.4 0.023757164608797243
115.6 0.023709544407251273
115.8 0.023661689940958516
116 0.023613600452979177
116.2 0.02356527519044246
116.4 0.023516713404676617
116.6 0.023467914351344554
116.8 0.023418877290580183
117 0.023369601487128116
117.2 0.023320086210485976
117.4 0.023270330735049603
117.6 0.023220334340260947
117.8 0.023170096310759416
118 0.023119615936535325
118.2 0.023068892513086615
118.4 0.023017925341579506
118.6 0.022966713729011302
118.8 0.022915256988376213
119 0.02286355443883567
119.2 0.02281160540589069
119.4 0.022759409221558405
119.6 0.022706965224551037
119.8 0.02265427276046007
120 0.022601331181942047
120.2 0.02254813984890922
120.4 0.022494698128723584
120.6 0.022441005396394306
120.8 0.022387061034779557
121 0.022332864434791502
121.2 0.02227841499560594
121.4 0.022223712124875387
121.6 0.022168755238946736
121.8 0.022113543763082097
122 0.022058077131685404
122.2 0.022002354788531558
122.4 0.021946376187001286
122.6 0.021890140790319566
122.8 0.021833648071798873
123 0.021776897515086872
123.2 0.021719888614418918
123.4 0.021662620874874906
123.6 0.021605093812641148
123.8 0.021547306955277044
124 0.021489259841986467
124.2 0.021430952023894365
124.4 0.021372383064328315
124.6 0.021313552539105222
124.8 0.021254460036823016
125 0.021195105159157932
125.2 0.021135487521167087
125.4 0.021075606751595755
125.6 0.02101546249319193
125.8 0.02095505440302378
126 0.020894382152805237
126.2 0.0208334454292258
126.4 0.020772243934286946
126.6 0.020710777385643385
126.8 0.02064904551695131
127 0.02058704807822238
127.2 0.02052478483618291
127.4 0.020462255574640317
127.6 0.020399460094855392
127.8 0.020336398215920204
128 0.020273069775143492
128.2 0.020209474628441693
128.4 0.020145612650736156
128.6 0.02008148373635817
128.8 0.020017087799459165
129 0.01995242477442828
129.2 0.01988749461631678
129.4 0.019822297301268787
129.6 0.019756832826959475
129.8 0.01969110121303964
130 0.019625102501587187
130.2 0.019558836757566114
130.4 0.01949230406929258
130.6 0.01942550454890716
130.8 0.019358438332855686
131 0.019291105582375633
131.2 0.019223506483991733
131.4 0.019155641250017
131.6 0.019087510119062387
131.8 0.019019113356552878
132 0.018950451255252063
132.2 0.018881524135793006
132.4 0.018812332347217516
132.6 0.018742876267521722
132.8 0.018673156304210778
133 0.01860317289485988
133.2 0.018532926507682578
133.4 0.018462417642108077
133.6 0.01839164682936447
133.8 0.01832061463307032
134 0.018249321649833464
134.2 0.018177768509857934
134.4 0.018105955877557527
134.6 0.018033884452177334
134.8 0.017961554968422264
135 0.017888968197093704
135.2 0.01781612494573324
135.4 0.017743026059272787
135.6 0.017669672420693623
135.8 0.017596064951691363
136 0.017522204613348472
136.2 0.017448092406813998
136.4 0.017373729373989785
136.6 0.017299116598224203
136.8 0.017224255205012532
137 0.01714914636270306
137.2 0.017073791283211563
137.4 0.016998191222740346
137.6 0.016922347482505127
137.8 0.01684626140946651
138 0.016769934397069624
138.2 0.01669336788598706
138.4 0.016616563364869597
138.6 0.01653952237110124
138.8 0.01646224649156009
139 0.016384737363383722
139.2 0.01630699667474049
139.4 0.016229026165604
139.6 0.016150827628533537
139.8 0.01607240290945729
140 0.015993753908460445
140.2 0.0159148825805763
140.4 0.015835790936580836
140.6 0.01575648104379037
140.8 0.015676955026861932
141 0.015597215068595434
141.2 0.01551726341073888
141.4 0.015437102354794086
141.6 0.015356734262823973
141.8 0.015276161558261751
142 0.015195386726718371
142.2 0.01511441231679231
142.4 0.015033240940877258
142.6 0.014951875275969332
142.8 0.01487031806447345
143 0.014788572115007576
143.2 0.01470664030320341
143.4 0.014624525572506425
143.6 0.014542230934970245
143.8 0.01445975947204813
144 0.014377114335379587
144.2 0.014294298747572038
144.4 0.01421131600297592
144.6 0.0141281694684535
144.8 0.014044862584141615
145 0.01396139886420496
145.2 0.013877781897581973
145.4 0.013794015348720672
145.6 0.013710102958305296
145.8 0.013626048543972218
146 0.01354185600101282
146.2 0.013457529303066422
146.4 0.013373072502798043
146.6 0.013288489732563717
146.8 0.013203785205060159
147 0.013118963213958704
147.2 0.01303402813452329
147.4 0.012948984424210832
147.6 0.012863836623252795
147.8 0.012778589355217716
148 0.012693247327554143
148.2 0.012607815332111331
148.4 0.012522298245637704
148.6 0.012436701030257333
148.8 0.01235102873392124
149 0.012265286490832953
149.2 0.012179479521849251
149.4 0.012093613134852127
149.6 0.012007692725093317
149.8 0.01192172377550852
150 0.011835711857001843
150.2 0.011749662628697937
150.4 0.01166358183816118
150.6 0.011577475321581975
150.8 0.011491349003926763
151 0.011405208899052745
151.2 0.011319061109784888
151.4 0.01123291182795443
151.6 0.01114676733439849
151.8 0.01106063399891826
152 0.010974518280195536
152.2 0.010888426725666584
152.4 0.010802365971351773
152.6 0.010716342741639837
152.8 0.010630363849026634
153 0.010544436193805084
153.2 0.010458566763708202
153.4 0.010372762633501682
153.6 0.010287030964526003
153.8 0.010201379004186965
154 0.010115814085394494
154.2 0.010030343625945822
154.4 0.009944975127856163
154.6 0.009859716176632359
154.8 0.009774574440491483
155 0.009689557669520454
155.2 0.009604673694779289
155.4 0.009519930427343936
155.6 0.009435335857290048
155.8 0.009350898052616621
156 0.009266625158107585
156.2 0.009182525394132472
156.4 0.009098607055384417
156.6 0.009014878509555178
156.8 0.008931348195946721
157 0.008848024624019814
157.2 0.008764916371876773
157.4 0.008682032084681966
157.6 0.00859938047301552
157.8 0.008516970311163743
158 0.008434810435343922
158.2 0.008352909741863535
158.4 0.008271277185215966
158.6 0.008189921776110366
158.8 0.00810885257943683
159 0.00802807871216779
159.2 0.007947609341195375
159.4 0.00786745368110458
159.6 0.00778762099188439
159.8 0.007708120576575775
160 0.0076289617788586695
160.2 0.007550153980577735
160.4 0.007471706599208181
160.6 0.007393629085263156
160.8 0.007315930919642457
161 0.007238621610925438
161.2 0.007161710692608296
161.4 0.007085207720287041
161.6 0.00700912226878873
161.8 0.006933463929250985
162 0.006858242306152984
162.2 0.006783467014298805
162.4 0.006709147675755283
162.6 0.006635293916746347
162.8 0.006561915364505623
163 0.006489021644090653
163.2 0.006416622375158746
163.4 0.006344727168709742
163.6 0.006273345623795556
163.8 0.006202487324200346
164 0.006132161835094241
164.2 0.006062378699662193
164.4 0.005993147435712041
164.6 0.005924477532263525
164.8 0.0058563784461223645
165 0.00578885959844136
165.2 0.005721930371272497
165.4 0.005655600104113077
165.6 0.00558987809044816
165.8 0.00552477357429479
166 0.005460295746748505
166.2 0.005396453742538288
166.4 0.005333256636592118
166.6 0.005270713440615586
166.8 0.005208833099689816
167 0.005147624488889961
167.2 0.005087096409928459
167.4 0.005027257587827603
167.6 0.004968116667623386
167.8 0.004909682211106101
168 0.004851962693599755
168.2 0.004794966500785221
168.4 0.004738701925569544
168.6 0.004683177165005961
168.8 0.004628400317268074
169 0.004574379378681094
169.2 0.004521122240814259
169.4 0.004468636687638337
169.6 0.004416930392749847
169.8 0.004366010916668085
170 0.004315885704205556
170.2 0.0042665620819168975
170.4 0.004218047255628345
170.6 0.004170348308052223
170.8 0.004123472196487124
171 0.004077425750609622
171.2 0.004032215670357577
171.4 0.003987848523909476
171.6 0.003944330745761709
171.8 0.0039016686349068186
172 0.0038598683531138526
172.2 0.0038189359233145445
172.4 0.0037788772280965923
172.6 0.003739698008306005
172.8 0.003701403861760384
173 0.003664000242075427
173.2 0.0036274924576047787
173.4 0.003591885670497154
173.6 0.0035571848958682885
173.8 0.0035233950010926276
174 0.0034905207052133374
174.2 0.003458566578471831
174.4 0.00342753704195811
174.6 0.003397436367381756
174.8 0.0033682686769640115
175 0.003340037943451493
175.2 0.003312747990250738
175.4 0.003286402491684613
175.6 0.0032610049733685907
175.8 0.0032365588127086986
176 0.0032130672395176427
176.2 0.0031905333367517057
176.4 0.0031689600413635052
176.6 0.0031483501452741415
176.8 0.0031287062964588763
177 0.00311003100014847
177.2 0.0030923266201429555
177.4 0.0030755953802366867
177.6 0.0030598393657525805
177.8 0.0030450605251841384
178 0.003031260671942904
178.2 0.0030184414862090914
178.4 0.003006604516883583
178.6 0.002995751183638288
178.8 0.002985882779063015
179 0.0029770004709058747
179.2 0.0029691053044047988
179.4 0.00296219820470707
179.6 0.0029562799793746743
179.8 0.0029513513209717328
180 0.002947412809731677
180.2 0.002944464916300986
180.4 0.0029425080045559944
180.6 0.0029415423344906584
180.8 0.0029415680651703087
181 0.0029425852577498975
181.2 0.002944593878553016
181.4 0.0029475938022071766
181.6 0.002951584814834215
181.8 0.0029565666172900627
182 0.0029625388284527203
182.2 0.002969500988553664
182.4 0.0029774525625494816
182.6 0.002986392943531538
182.8 0.0029963214561685198
183 0.0030072373601802214
183.2 0.0030191398538378794
183.4 0.0030320280774894692
183.6 0.0030459011171044812
183.8 0.003060758007837112
184 0.0030765977376034205
184.2 0.003093419250669997
184.4 0.0031112214512503747
184.6 0.003130003207106532
184.8 0.0031497633531536342
185 0.003170500695062241
185.2 0.00319221401285856
185.4 0.0032149020645173697
185.6 0.0032385635895462784
185.8 0.0032631973125580786
186 0.0032888019468287535
186.2 0.003315376197838891
186.4 0.0033429187667955986
186.6 0.003371428354133227
186.8 0.0034009036629897745
187 0.0034313434026572356
187.2 0.0034627462920045096
187.4 0.0034951110628693633
187.6 0.003528436463418303
187.8 0.0035627212614733894
188 0.0035979642478014802
188.2 0.0036341642393681608
188.4 0.0036713200825505723
188.6 0.003709430656311235
188.8 0.003748494875328748
189 0.003788511693085254
189.2 0.0038294801049094367
189.4 0.0038713991509736444
189.6 0.0039142679192430635
189.8 0.003958085548377991
190 0.0040028512305861075
190.2 0.004048564214425005
190.4 0.004095223807554244
190.6 0.004142829379434763
190.8 0.004191380363977626
191 0.004240876262138411
191.2 0.004291316644458958
191.4 0.00434270115355535
191.6 0.004395029506550712
191.8 0.004448301497454435
192 0.004502516999486205
192.2 0.004557675967343918
192.4 0.00461377843941782
192.6 0.004670824539948067
192.8 0.004728814481127365
193 0.004787748565147771
193.2 0.004847627186192454
193.4 0.004908450832371737
193.6 0.004970220087604535
193.8 0.0050329356334437424
194 0.00509659825084803
194.2 0.0051612088218984074
194.4 0.005226768331461095
194.6 0.005293277868795858
194.8 0.005360738629111846
195 0.005429151915069626
195.2 0.005498519138231213
195.4 0.005568841820457965
195.6 0.005640121595256481
195.8 0.005712360209074497
196 0.005785559522545542
196.2 0.005859721511684132
196.4 0.005934848269031975
196.6 0.006010942004756088
196.8 0.006088005047697702
197 0.006166039846376465
197.2 0.006245048969946511
197.4 0.006325035109107473
197.6 0.006406001076971106
197.8 0.006487949809884473
198 0.006570884368208654
198.2 0.006654807937056485
198.4 0.0067397238269888
198.6 0.006825635474669983
198.8 0.006912546443484294
199 0.007000460424114158
199.2 0.007089381235079595
199.4 0.007179312823243175
199.6 0.007270259264277992
199.8 0.007362224763101991
