-200 0.12912913262386821
-199.8 0.12889801561252484
-199.6 0.12866707439781452
-199.4 0.12843630951289425
-199.2 0.1282057214816951
-199 0.12797531081104443
-198.8 0.12774507799955934
-198.6 0.12751502353174057
-198.4 0.12728514787877887
-198.2 0.1270554514993155
-198 0.12682593484179105
-197.8 0.12659659833892842
-197.6 0.12636744241427617
-197.4 0.12613846747713284
-197.2 0.1259096739271465
-197 0.12568106214793015
-196.8 0.12545263251480698
-196.6 0.12522438538878192
-196.4 0.12499632112104767
-196.2 0.12476844004951095
-196 0.1245407425006632
-195.8 0.12431322878912578
-195.6 0.12408589921944867
-195.4 0.12385875408518535
-195.2 0.12363179366661348
-195 0.12340501823255057
-194.8 0.1231784280443391
-194.6 0.12295202334786504
-194.4 0.12272580438268603
-194.2 0.12249977137511366
-194 0.12227392453902489
-193.8 0.12204826408354572
-193.6 0.12182279020214994
-193.4 0.12159750308141581
-193.2 0.12137240289537762
-193 0.12114748981140804
-192.8 0.12092276398292168
-192.6 0.12069822555907597
-192.4 0.1204738746726947
-192.2 0.12024971145518197
-192 0.12002573602094715
-191.8 0.11980194848177216
-191.6 0.11957834893647583
-191.4 0.11935493747697712
-191.2 0.11913171418672117
-191 0.11890867913800213
-190.8 0.11868562463577229
-190.6 0.11846317402664727
-190.4 0.11824070407242407
-190.2 0.1180184225755813
-190 0.11779632957197735
-189.8 0.11757442508786903
-189.6 0.11735270914416834
-189.4 0.11713118175089388
-189.2 0.11690984291363414
-189 0.11668869263025447
-188.8 0.11646773089205752
-188.6 0.11624695768400137
-188.4 0.11602637298305848
-188.2 0.11580597676337019
-188 0.11558576898755854
-187.8 0.11536574961767847
-187.6 0.11514591860378233
-187.4 0.11492627589662209
-187.2 0.11470682143702948
-187 0.11448755516238336
-186.8 0.11426847700367997
-186.6 0.114049586889026
-186.4 0.11383088473623094
-186.2 0.11361237046439214
-186 0.11339404398454384
-185.8 0.11317590520352253
-185.6 0.1129579540242973
-185.4 0.11274019034448916
-185.2 0.11252261405968618
-185 0.11230522505840476
-184.8 0.11208802322927208
-184.6 0.1118710379336387
-184.4 0.11165418060829879
-184.2 0.11143753957247894
-184 0.1112210852168014
-183.8 0.11100481740911633
-183.6 0.11078873601642109
-183.4 0.11057284090149211
-183.2 0.11035713192566741
-183 0.11014160894387688
-182.8 0.10992627181343022
-182.6 0.10971112038513973
-182.4 0.109496154510059
-182.2 0.10928137403574673
-182 0.10906677880754714
-181.8 0.1088523686695238
-181.6 0.10863814346415814
-181.4 0.10842410303146287
-181.2 0.10821061187565903
-181 0.10799657583356478
-180.8 0.10778308874135359
-180.6 0.1075697857688358
-180.4 0.10735666674702334
-180.2 0.10714373150794348
-180 0.10693097988398605
-179.8 0.10671841170272257
-179.6 0.1065060267964736
-179.4 0.1062938249914915
-179.2 0.10608180611569297
-179 0.10586996999875604
-178.8 0.10565831646548314
-178.6 0.10544684534573316
-178.4 0.10523555646133466
-178.2 0.10502444964202001
-178 0.1048135247135222
-177.8 0.10460278150039982
-177.6 0.10439221983147638
-177.4 0.10418183953084928
-177.2 0.10397164042808911
-177 0.10376162234767355
-176.8 0.10355178511748028
-176.6 0.1033421285653032
-176.4 0.10313265252247447
-176.2 0.10292335681428649
-176 0.10271424127208693
-175.8 0.10250530572731673
-175.6 0.10229655001048546
-175.4 0.10208797395137167
-175.2 0.10187957738836115
-175 0.10167136015165522
-174.8 0.10146332207850703
-174.6 0.10125546300288944
-174.4 0.1010477827624127
-174.2 0.10083912873968887
-174 0.10063417582959572
-173.8 0.10042581346398397
-173.6 0.100218846970898
-173.4 0.10001205852180485
-173.2 0.09980544796979612
-173 0.09959652642757612
-172.8 0.09939255392338149
-172.6 0.09918875919281818
-172.4 0.09898078160128249
-172.2 0.09877505822840185
-172 0.09856951185155464
-171.8 0.09836414233615814
-171.6 0.09815894953225604
-171.4 0.09795393330403826
-171.2 0.09774909351207361
-171 0.09754443002127879
-170.8 0.09733994270318448
-170.6 0.09713563142078392
-170.4 0.09693149604926009
-170.2 0.09672753645831476
-170 0.09652375252551477
-169.8 0.09632014412596437
-169.6 0.09611671113991645
-169.4 0.09591345344658961
-169.2 0.09571037093231681
-169 0.0955074634825844
-168.8 0.09530473098319826
-168.6 0.09510217332705095
-168.4 0.09489979040434066
-168.2 0.0946975821103361
-168 0.09449554834213997
-167.8 0.09429368899991233
-167.6 0.09409200398577161
-167.4 0.09389049320237981
-167.2 0.09368915655637056
-167 0.09348799395722666
-166.8 0.09328700531614165
-166.6 0.0930861905457971
-166.4 0.09288554956370738
-166.2 0.09268508228661405
-166 0.09248478863731918
-165.8 0.09228466853816004
-165.6 0.09208472191470389
-165.4 0.09188494869532544
-165.2 0.09168534881131658
-165 0.09148592219552208
-164.8 0.09128666878341717
-164.6 0.09108758851451179
-164.4 0.09088868132759816
-164.2 0.09068994716558408
-164 0.09049138597672139
-163.8 0.09029299770712684
-163.6 0.09009478230726263
-163.4 0.08989673973159473
-163.2 0.08969886993476227
-163 0.08950117287438134
-162.8 0.08930364851284474
-162.6 0.08910629681192973
-162.4 0.0889091177380539
-162.2 0.08871211125779734
-162 0.0885152773431354
-161.8 0.08831861596693615
-161.6 0.08812212710471393
-161.4 0.08792581073388225
-161.2 0.08772966683574585
-161 0.08753369539215024
-160.8 0.08733789638979403
-160.6 0.08714226981481331
-160.4 0.08694681566014242
-160.2 0.08675153391584324
-160 0.08655642457792752
-159.8 0.08636148764532763
-159.6 0.08616672311660616
-159.4 0.08597213099476599
-159.2 0.08577587539076156
-159 0.08558384088078642
-158.8 0.08538938912917614
-158.6 0.08519548670348157
-158.4 0.08500175673195945
-158.2 0.08480819923246669
-158 0.08461481422363738
-157.8 0.08442135439816505
-157.6 0.08422856176128672
-157.4 0.08403569435831504
-157.2 0.08384299954379083
-157 0.08365047734927303
-156.8 0.08345812780523047
-156.6 0.08326595094805625
-156.4 0.08307394681508885
-156.2 0.08288211544605899
-156 0.08269045688029629
-155.8 0.08249897116451718
-155.6 0.0823076583430653
-155.4 0.08211651846435578
-155.2 0.08192555157919003
-155 0.08173475773909562
-154.8 0.0815441369997299
-154.6 0.08135368941685131
-154.4 0.08116341504920453
-154.2 0.08097331395781765
-154 0.08078338620588153
-153.8 0.08059363185787329
-153.6 0.08040405098169602
-153.4 0.08021464364546665
-153.2 0.08002540992026418
-153 0.07983634987863096
-152.8 0.07964746359690703
-152.6 0.07945875114977634
-152.4 0.07927021261794881
-152.2 0.07908184808160887
-152 0.0788936576238799
-151.8 0.07870564132743962
-151.6 0.07851779928064016
-151.4 0.07833013157027324
-151.2 0.07814263828831591
-151 0.0779553195246273
-150.8 0.07776817537429662
-150.6 0.07758120593069183
-150.4 0.07739441129398311
-150.2 0.0772077915607407
-150 0.07702134683221257
-149.8 0.07683507721159265
-149.6 0.07664898280289169
-149.4 0.07646306371126949
-149.2 0.07627732004362399
-149 0.07609175191048011
-148.8 0.07590635942156126
-148.6 0.07572114269035919
-148.4 0.07553610182887727
-148.2 0.07535130598699202
-148 0.07516654817795876
-147.8 0.07498203562979967
-147.6 0.07479769942111689
-147.4 0.07461353967443206
-147.2 0.07442955651654824
-147 0.07424575006725388
-146.8 0.07406212045701031
-146.6 0.07387866780931825
-146.4 0.07369539225511709
-146.2 0.07351229392511856
-146 0.07332937294928513
-145.8 0.07314662946163256
-145.6 0.07296406359550185
-145.4 0.07278167548679401
-145.2 0.07259946527356458
-145 0.07241743309279101
-144.8 0.07223557908446818
-144.6 0.07205390338938895
-144.4 0.07187240614842287
-144.2 0.07169108750692606
-144 0.07150994760688605
-143.8 0.07132898659664
-143.6 0.07114820462046893
-143.4 0.07096760182696941
-143.2 0.07078717836628531
-143 0.07060693438665908
-142.8 0.07042687004140118
-142.6 0.07024698548122194
-142.4 0.07006728086114311
-142.2 0.06988693142480962
-142 0.06970841205764465
-141.8 0.0695292481836883
-141.6 0.0693502648741745
-141.4 0.0691714622865893
-141.2 0.06899284058161341
-141 0.06881439991761105
-140.8 0.06863614045723072
-140.6 0.06845806236127469
-140.4 0.06828016579437429
-140.2 0.06810245092023767
-140 0.0679249179052027
-139.8 0.06774756691217429
-139.6 0.06757039810892657
-139.4 0.06739341166367842
-139.2 0.06721660774619079
-139 0.06703998652328506
-138.8 0.06686354816498398
-138.6 0.0666872928426551
-138.4 0.06651122072935352
-138.2 0.06633533199474656
-138 0.06615962680969253
-137.8 0.06598410535163726
-137.6 0.0658087677959044
-137.4 0.06563361431439084
-137.2 0.065458645083815
-137 0.06528386028346309
-136.8 0.06510926007733285
-136.6 0.06493044272648334
-136.4 0.0647584344300658
-136.2 0.06458661127230485
-136 0.06441497342005176
-135.8 0.06423903437856232
-135.6 0.06406554555335629
-135.4 0.0638922425891333
-135.2 0.06371912566206181
-135 0.06354619496178583
-134.8 0.06337345066659508
-134.6 0.06320089295500063
-134.4 0.0630285220225836
-134.2 0.06285633804144128
-134 0.06268434120274373
-133.8 0.06251253168930714
-133.6 0.062340909685237825
-133.4 0.06216947537945895
-133.2 0.06199822895523082
-133 0.06182717060165287
-132.8 0.061656300503890024
-132.6 0.061485618848917976
-132.4 0.06131512582589578
-132.2 0.061144821621289855
-132 0.060974706425708174
-131.8 0.0608047804249788
-131.6 0.06063504380918297
-131.4 0.0604654967687448
-131.2 0.060296139492490734
-131 0.06012697217011298
-130.8 0.05995799499184431
-130.6 0.05978920814896494
-130.4 0.059620611831306666
-130.2 0.05945220622959799
-130 0.05928399153470922
-129.8 0.059115967938678904
-129.6 0.05894813563415795
-129.4 0.05878049481012599
-129.2 0.058613045662490426
-129 0.05844578838001192
-128.8 0.05827872315753738
-128.6 0.058111850184790016
-128.4 0.05794516965835656
-128.2 0.057778681766511665
-128 0.05761238670709444
-127.8 0.05744628467117767
-127.6 0.05728037584933919
-127.4 0.05711466043911548
-127.2 0.05694913863329886
-127 0.056783810623908124
-126.8 0.05661867660760506
-126.6 0.05645373677367475
-126.4 0.05628899132041171
-126.2 0.05612444043966569
-126 0.055960084324390404
-125.8 0.05579592317155357
-125.6 0.055631957176619506
-125.4 0.05546818652955964
-125.2 0.05530461142652672
-125 0.05514123206027419
-124.8 0.054978048628386865
-124.6 0.05481506132777062
-124.4 0.054652270347541
-124.2 0.05448967588120196
-124 0.054327278123823264
-123.8 0.05416507727849746
-123.6 0.054003073528114266
-123.4 0.05384126707095398
-123.2 0.05367965811740802
-123 0.053512915740843096
-122.8 0.05335388572010627
-122.6 0.053195053592515
-122.4 0.05303641954058532
-122.2 0.05287798374338661
-122 0.05271974638240313
-121.8 0.052553941407426655
-121.6 0.05239391935935634
-121.4 0.052234096546226724
-121.2 0.05207447317583387
-121 0.051915049428239546
-120.8 0.051755825505101535
-120.6 0.051596801599912284
-120.4 0.05143797790224214
-120.2 0.051279354608065694
-120 0.05112093191560175
-119.8 0.05096271001204131
-119.6 0.05080444624265455
-119.4 0.050646200487943334
-119.2 0.050491098781824076
-119 0.05033183420970356
-118.8 0.05017461917863895
-118.6 0.05001760610057263
-118.4 0.04986079516996294
-118.2 0.049704186581524486
-118 0.04954778052779291
-117.8 0.049391577202756054
-117.6 0.0492355767959933
-117.4 0.04907977950568152
-117.2 0.048924185520797546
-117 0.04876879503744065
-116.8 0.04861360824537133
-116.6 0.048458625340360266
-116.4 0.04830384651132118
-116.2 0.04814927195312446
-116 0.047994901858301554
-115.8 0.047840736419355996
-115.6 0.04768677582924794
-115.4 0.04753302027559439
-115.2 0.047379469957037165
-115 0.04722612506203715
-114.8 0.04707298578318067
-114.6 0.046920052310763065
-114.4 0.046767324837936296
-114.2 0.04661480355800605
-114 0.04646222539017689
-113.8 0.04630915174899131
-113.6 0.04615967345218319
-113.4 0.04600678418523136
-113.2 0.045855296735279126
-113 0.04570401662662707
-112.8 0.045552944050130204
-112.6 0.045402079196203676
-112.4 0.045251422255777975
-112.2 0.045100973419802244
-112 0.04495073287983072
-111.8 0.044800700826987686
-111.6 0.0446508774514871
-111.4 0.04450126294455083
-111.2 0.04435185749638285
-111 0.04420266129902221
-110.8 0.044053674540977965
-110.6 0.04390489741568578
-110.4 0.04375633011062711
-110.2 0.04360797281859582
-110 0.04345982572857174
-109.8 0.04331188903266992
-109.6 0.04316416292036299
-109.4 0.04301664758189834
-109.2 0.04286934320800813
-109 0.0427222499893394
-108.8 0.042575368114718765
-108.6 0.04242869777651051
-108.4 0.042282239164198654
-108.2 0.04213599246808853
-108 0.04198995787838875
-107.8 0.041844135585645835
-107.6 0.041698525780153824
-107.4 0.04155312865232887
-107.2 0.041407944392482195
-107 0.041262973190626315
-106.8 0.041118215238076176
-106.6 0.040973670724794076
-106.4 0.04082933984002312
-106.2 0.04068522277680508
-106 0.04054131972353068
-105.8 0.040397630871990914
-105.6 0.04025415641208729
-105.4 0.040110896534917756
-105.2 0.03996785143143058
-105 0.039825021292059636
-104.8 0.03968240630785471
-104.6 0.0395400066698077
-104.4 0.039397822568275474
-104.2 0.039255854196007016
-104 0.03911410174218112
-103.8 0.038972565399600395
-103.6 0.03883124535937032
-103.4 0.038690141812231
-103.2 0.038549254950718814
-103 0.03840858496602331
-102.8 0.03826813205018125
-102.6 0.0381278963949893
-102.4 0.037987878192896014
-102.2 0.03784807763610402
-102 0.037708494916261985
-101.8 0.0375691302267959
-101.6 0.03742998375948967
-101.4 0.03729105570795407
-101.2 0.03715234626450367
-101 0.03701385562290532
-100.8 0.0368755839760256
-100.6 0.036737531518096826
-100.4 0.036599698441503424
-100.2 0.036462084940974915
-100 0.036324691210172094
-99.8 0.036187517443978724
-99.6 0.03605056383593635
-99.4 0.03591383058179835
-99.2 0.03577731787469881
-99 0.035641025911234935
-98.8 0.03550566751740617
-98.6 0.035369104998991624
-98.4 0.03523347643874301
-98.2 0.03509806940502371
-98 0.03496288409509045
-97.8 0.03482792070193698
-97.6 0.034693179425816796
-97.4 0.03455866046469576
-97.2 0.03442136346141345
-97 0.03428961079151487
-96.8 0.03415808043595414
-96.6 0.03402281169265324
-96.4 0.03388940726056266
-96.2 0.03375622632849481
-96 0.03362326909792669
-95.8 0.03349053576916339
-95.6 0.033358026538926354
-95.4 0.03322574160991548
-95.2 0.033092941932015715
-95 0.03296184545327773
-94.8 0.032830234627942996
-94.6 0.03269884890563933
-94.4 0.032567688489560966
-94.2 0.032436753581901706
-94 0.03230604438493638
-93.8 0.032175561101010934
-93.6 0.03204530393375644
-93.4 0.03191527308720367
-93.2 0.031785468765143675
-93 0.03165589117178851
-92.8 0.03152654051221925
-92.6 0.03139741699257876
-92.4 0.03126852081735595
-92.2 0.031139852193336072
-92 0.031011411326838066
-91.8 0.030883198425053503
-91.6 0.030755213695133617
-91.4 0.03062745734506266
-91.2 0.030499929583024717
-91 0.030372630617836717
-90.8 0.030245560659036535
-90.6 0.030118719915865993
-90.4 0.029992108598334448
-90.2 0.029865726917713414
-90 0.02973957508415703
-89.8 0.029613653309980743
-89.6 0.02948796180701753
-89.4 0.029362500787714917
-89.2 0.02923727046537311
-89 0.029112271052921735
-88.8 0.028987502765382013
-88.6 0.028862965816485182
-88.4 0.028738660421659276
-88.2 0.028614586796592203
-88 0.02849074515696818
-87.8 0.028367135719954775
-87.6 0.028243758702462048
-87.4 0.028120614322248445
-87.2 0.02799770279786444
-87 0.027875024347680646
-86.8 0.027752579191425545
-86.6 0.02763036754902795
-86.4 0.027508389640874174
-86.2 0.0273866456879411
-86 0.027265135912127463
-85.8 0.027143860535558412
-85.6 0.027022819780922212
-85.4 0.02690201387162712
-85.2 0.02678144303170872
-85 0.02666110748578604
-84.8 0.02654100745863606
-84.6 0.026421143176560268
-84.4 0.02630151486543836
-84.2 0.026182122752395093
-84 0.026062967064948296
-83.8 0.025944048031580395
-83.6 0.025825365880522495
-83.4 0.025706920841686933
-83.2 0.025588713144760276
-83 0.025470743020445084
-82.8 0.025353010700140798
-82.6 0.02523551641551887
-82.4 0.025118260399489327
-82.2 0.025001242884943882
-82 0.02488446410582714
-81.8 0.024767924296386988
-81.6 0.024651623691871828
-81.4 0.024535562528080417
-81.2 0.024419741041155088
-81 0.024304159468333253
-80.8 0.02418881804722972
-80.6 0.024073717016280895
-80.4 0.02395885661431404
-80.2 0.023844237081028945
-80 0.02372985865670198
-79.8 0.02361572158249598
-79.6 0.023501826099726536
-79.4 0.023388172450786227
-79.2 0.02327476087879982
-79 0.023161591627003725
-78.8 0.02304866494034504
-78.6 0.022935981063025804
-78.4 0.02282354024110429
-78.2 0.022711342720589035
-78 0.022599388748201988
-77.8 0.022487678572675366
-77.6 0.02237621244115862
-77.4 0.02226499060284499
-77.2 0.022154013307708574
-77 0.02204328080553115
-76.8 0.021932793347654463
-76.6 0.02182255118560482
-76.4 0.021712554571599617
-76.2 0.021602803758637452
-76 0.02149329900028008
-75.8 0.021384040550952298
-75.6 0.02127502866540269
-75.4 0.021166263599362526
-75.2 0.021057745609170897
-75 0.02094947495158111
-74.8 0.020841451884247218
-74.6 0.0207336766653265
-74.4 0.020626149554057602
-74.2 0.020518870809585428
-74 0.020411840692236945
-73.8 0.02030505946301157
-73.6 0.020198527383248763
-73.4 0.020092244715234353
-73.2 0.019986211721386517
-73 0.01988042866550769
-72.8 0.0197748958115581
-72.6 0.019669613423992097
-72.4 0.01956458176815176
-72.2 0.01945980111042214
-72 0.019355271716852994
-71.8 0.019250993855036456
-71.6 0.019146967791890512
-71.4 0.019043193796931385
-71.2 0.018939672138600972
-71 0.01883640308634541
-70.8 0.018733386910569232
-70.6 0.018630623881953103
-70.4 0.018528114272192447
-70.2 0.018425858352214112
-70 0.018323856395982004
-69.8 0.018222108676131877
-69.6 0.018119826467063636
-69.4 0.018019377038155593
-69.2 0.017918393671028123
-69 0.017817665637469393
-68.8 0.017717193213637336
-68.6 0.01761697667625605
-68.4 0.017517016302013848
-68.2 0.017417312368554594
-68 0.017317865153649963
-67.8 0.017218674936049744
-67.6 0.01711974199442052
-67.4 0.017021066608394312
-67.2 0.01692264905742237
-67 0.016824489622964785
-66.8 0.01672658858482522
-66.6 0.016628946225032724
-66.4 0.016531562825201268
-66.2 0.016434438667222072
-66 0.01633757403420142
-65.8 0.01624096920887336
-65.6 0.016144624475907973
-65.4 0.016048540118021055
-65.2 0.015952716419836095
-65 0.015857153666166357
-64.8 0.015761648569335533
-64.6 0.01566681213409895
-64.4 0.015572033923677571
-64.2 0.015477517804008226
-64 0.0153829822738765
-63.8 0.015289272970339307
-63.6 0.01519554483174058
-63.4 0.015102079928513736
-63.2 0.01500887854795872
-63 0.014915940979120046
-62.8 0.014823267509588789
-62.6 0.014730858428368514
-62.4 0.014638714023863075
-62.2 0.014546834586002444
-62 0.01445522040365591
-61.8 0.014363871766349796
-61.6 0.014272788964254556
-61.4 0.014181972286901254
-61.2 0.014091422024726448
-61 0.014001138467865373
-60.8 0.01391112190693162
-60.6 0.013821372632609847
-60.4 0.013731890935437353
-60.2 0.013642677106573397
-60 0.013553731436872959
-59.8 0.013465054217230089
-59.6 0.013376645738861857
-59.4 0.013288506293097429
-59.2 0.013200636170894859
-59 0.013113035663922903
-58.8 0.013025705063116367
-58.6 0.012938644660051192
-58.4 0.012851854745785403
-58.2 0.012765335611646654
-58 0.012679087548805023
-57.8 0.012593110848465199
-57.6 0.01250740580186655
-57.4 0.012421972699683578
-57.2 0.01233681183290178
-57 0.012251923492617377
-56.8 0.012167307969015252
-56.6 0.012082965552820901
-56.4 0.011998896534469408
-56.2 0.01191510120371626
-56 0.011831579850872855
-55.8 0.01174833276543894
-55.6 0.011665360237061903
-55.4 0.011582662555100513
-55.2 0.011500240008017826
-55 0.01141809288479224
-54.8 0.011336221474098624
-54.6 0.011254626063647242
-54.4 0.01117330694144174
-54.2 0.011092264394595031
-54 0.011011498710430574
-53.8 0.010931010175309662
-53.6 0.010850799075742667
-53.4 0.01077086569719404
-53.2 0.010691210325418555
-53 0.010611833244958312
-52.8 0.010532734740688948
-52.6 0.010453915096217714
-52.4 0.0103753745949379
-52.2 0.010297113520188642
-52 0.010219132153965528
-51.8 0.010141430777951032
-51.6 0.010064009673717447
-51.4 0.009986869121564655
-51.2 0.009910009401698526
-51 0.009833430793304785
-50.8 0.009757133575172067
-50.6 0.009681118025167964
-50.4 0.009605384420651992
-50.2 0.009529933038562791
-50 0.009454764154304721
-49.8 0.009379878043154028
-49.6 0.009305274979664368
-49.4 0.009230955237004875
-49.2 0.009156919088115572
-49 0.009083166805264163
-48.8 0.009009698658638264
-48.6 0.008936514919482807
-48.4 0.00886361585608574
-48.2 0.008791001737217547
-48 0.008718672830785583
-47.8 0.008646629403331564
-47.6 0.008574871719826018
-47.4 0.008503400044708969
-47.2 0.008432214642958883
-47 0.008361315776859236
-46.8 0.008290703706925273
-46.6 0.008220378692896813
-46.4 0.00815034099498269
-46.2 0.008079094489657419
-46 0.008011297957621377
-45.8 0.007943786292620048
-45.6 0.007873068525467042
-45.4 0.0078044712633243635
-45.2 0.0077361628524879504
-45 0.007668143541165211
-44.8 0.007600413581151171
-44.6 0.007532973220215699
-44.4 0.007465822707206927
-44.2 0.007398962288777008
-44 0.007332392208521413
-43.8 0.007266112711187531
-43.6 0.007200124038976061
-43.4 0.007134426432819226
-43.2 0.007069020132677626
-43 0.007003905376125089
-42.8 0.006939082400580715
-42.6 0.006875084798541611
-42.4 0.006810312733629219
-42.2 0.0067463665085140834
-42 0.006682712996855351
-41.8 0.006619352429303543
-41.6 0.00655628503316806
-41.4 0.0064935110355066215
-41.2 0.006430339603494982
-41 0.006368844132706693
-40.8 0.006306769180437
-40.6 0.006245353502619081
-40.4 0.006184049839367846
-40.2 0.006123040900347552
-40 0.0060623269008412166
-39.8 0.006001908054877601
-39.6 0.005941784574214305
-39.4 0.005881956669265519
-39.2 0.005822424548539823
-39 0.005763188418885436
-38.8 0.005704248485463463
-38.6 0.005645604951621315
-38.4 0.005587258019012174
-38.2 0.005529207887312057
-38 0.005471454754737432
-37.8 0.005413998817183589
-37.6 0.00535684026917769
-37.4 0.005299979303170556
-37.2 0.005243416109804253
-37 0.005187150877775725
-36.8 0.005131183793939592
-36.6 0.005075515043358937
-36.4 0.005020144809094786
-36.2 0.004965073272177096
-36 0.004910300611809666
-35.8 0.004855827005281103
-35.6 0.004801652627744867
-35.4 0.004747777652551874
-35.2 0.004694202250899462
-35 0.004640926592184793
-34.8 0.004587950843514936
-34.6 0.004535275170192325
-34.4 0.004482899735440089
-34.2 0.004430824700363316
-34 0.004379050223903083
-33.8 0.004327576463265925
-33.6 0.004276403573280694
-33.4 0.004225531706823542
-33.2 0.004174961014418113
-33 0.004124691644876272
-32.8 0.004074723744610579
-32.6 0.004025057457982712
-32.4 0.003975692927152937
-32.2 0.003926630292164167
-32 0.0038778696909036138
-31.8 0.003829411259196143
-31.6 0.003781255130482003
-31.4 0.003733401436204077
-31.2 0.0036858503053921916
-31 0.0036386018651560896
-30.8 0.0035916562401728455
-30.6 0.003545013553022319
-30.4 0.0034986739240373877
-30.2 0.0034526374713205296
-30 0.0034069043106758736
-29.8 0.00336147455574873
-29.6 0.00331634831803971
-29.4 0.0032715257064727518
-29.2 0.0032270068280726757
-29 0.0031827917874527305
-28.8 0.0031388806867335152
-28.6 0.0030952736263670393
-28.4 0.003051970703851865
-28.2 0.0030089720148648914
-28 0.0029662776522088393
-27.8 0.0029241640570535007
-27.6 0.0028818022694600087
-27.4 0.002840021423831867
-27.2 0.0027985452551976394
-27 0.002757373845110203
-26.8 0.0027165072730412623
-26.6 0.00267594561645351
-26.4 0.002635688949943508
-26.2 0.002595737346315674
-26 0.0025560908757460525
-25.8 0.002516749606378643
-25.6 0.0024777136037182216
-25.4 0.0024389829313691156
-25.2 0.0024005576503161427
-25 0.002362437819291137
-24.8 0.002324623494956656
-24.6 0.0022871147313753637
-24.4 0.0022499115805185484
-24.2 0.0022130140919823875
-24 0.002176422313106588
-23.8 0.0021401362888518187
-23.6 0.002104156062066361
-23.4 0.0020684816731530715
-23.2 0.0020331131602545336
-23 0.001998050559352297
-22.8 0.001963293904045582
-22.6 0.0019288432257163314
-22.4 0.0018946985534612601
-22.2 0.0018608599141569453
-22 0.0018273273323438058
-21.8 0.0017941008304575214
-21.6 0.0017611804285365853
-21.4 0.0017285661445084874
-21.2 0.001696257993992386
-21 0.0016642559904454218
-20.8 0.0016325601450667584
-20.6 0.0016011704668695602
-20.4 0.0015700869626699325
-20.2 0.0015393096371221038
-20 0.0015088384926214718
-19.8 0.0014786735294830071
-19.6 0.0014488147457935607
-19.4 0.0014192621375008273
-19.2 0.001390015698447403
-19 0.0013610754202931362
-18.8 0.0013324412925958074
-18.6 0.001304113302786814
-18.4 0.0012760914362236263
-18.2 0.0012483756761414557
-18 0.0012209660037115673
-17.8 0.0011938623980798375
-17.6 0.001167064836240772
-17.4 0.001140573293232112
-17.2 0.0011143877420251064
-17 0.001088508153592727
-16.8 0.0010629344969081936
-16.6 0.0010376667389244431
-16.4 0.0010127048446459577
-16.2 0.0009880487771352768
-16 0.0009636984974689161
-15.8 0.0009396539648296882
-15.6 0.0009159151364615493
-15.4 0.0008924819677313687
-15.2 0.0008693544120998547
-15 0.0008465324211863705
-14.8 0.0008240159447499493
-14.6 0.0008018049307060396
-14.4 0.0007798993252066924
-14.2 0.0007582990725343576
-14 0.0007370041152280813
-13.8 0.0007160143940788785
-13.6 0.0006953298481295625
-13.4 0.0006749504146792303
-13.2 0.0006548760293413308
-13 0.0006351066260471248
-12.8 0.0006156421370461827
-12.6 0.0005964824929495165
-12.4 0.0005776276227682705
-12.2 0.0005590774538717298
-12 0.0005408319120778249
-11.8 0.0005228909216017411
-11.6 0.0005052544051976765
-11.4 0.0004879222840085278
-11.2 0.00047089447774001814
-11 0.0004541709046038196
-10.8 0.00043775148136302974
-10.6 0.0004216361233602428
-10.4 0.00040582474452674743
-10.2 0.0003903172574124833
-10 0.00037511357319515724
-9.8 0.00036021360176260385
-9.6 0.0003456172516383747
-9.4 0.00033132443011007286
-9.2 0.0003173350431726589
-9 0.0003036489955969319
-8.8 0.00029026619094235266
-8.6 0.0002771865315776731
-8.4 0.0002644099187410308
-8.2 0.00025193625251301296
-8 0.00023976543185654498
-7.8 0.00022789735469
-7.6 0.00021633191786068256
-7.4 0.00020506901718369045
-7.2 0.000194108547482585
-7 0.00018345040260544788
-6.8 0.00017309447547820642
-6.6 0.00016304065806616095
-6.4 0.00015328884150026643
-6.2 0.00014383891601000635
-6 0.00013469077101058857
-5.8 0.0001258442951228702
-5.6 0.00011729937617193298
-5.4 0.00010905590124551429
-5.2 0.00010111375673694262
-5 0.00009347282832076364
-4.8 0.00008613300103550208
-4.6 0.00007909415928202373
-4.4 0.00007235618687948297
-4.2 0.00006591896705456256
-4 0.000059782382509679284
-3.8 0.000053946315446598545
-3.6 0.00004841064758222645
-3.4 0.00004317526017715891
-3.2 0.000038240034094666245
-3 0.00003360484980255781
-2.8 0.000029269587410331504
-2.6 0.000025234126714135952
-2.4 0.000021498347208654677
-2.2 0.000018062128132967135
-2 0.00001492534849042871
-1.8 0.000012087887085999724
-1.6 0.00000954962255853205
-1.4 0.000007310433410139654
-1.2 0.000005370198039887953
-1 0.000003728794767505823
-0.8 0.0000023861018750584097
-0.6 0.000001341997631660676
-0.4 0.0000005963603294300914
-0.2 0.00000014906830885458888
0 0.00000000000000008935766000030513
0.2 0.00000014903394458627496
0.4 0.0000005960488324212522
0.6 0.0000013409235336708665
0.8 0.000002383537127555724
1 0.000003723768935632217
1.2 0.000005361498552999558
1.4 0.000007296605877190583
1.6 0.000009528971145757076
1.8 0.000012058474963522968
2 0.000014884998330461356
2.2 0.000018008422691215797
2.4 0.00002142862993152707
2.6 0.00002514550242831685
2.8 0.000029158923120310025
3 0.00003346877546433759
3.2 0.00003807494347901584
3.4 0.0000430395776853519
3.6 0.00004817576588127576
3.8 0.00005367019162079801
4 0.000059460475705454964
4.2 0.00006554650560025338
4.4 0.0000719281694915281
4.6 0.00007860535631047118
4.8 0.0000855779559916596
5 0.00009284585924140532
5.2 0.0001004089573719928
5.4 0.00010828071451509967
5.6 0.00011642031009767357
5.8 0.0001248683520239524
6 0.00013361116490387344
6.2 0.00014264864489285038
6.4 0.00015198068960652717
6.6 0.00016160719747283512
6.8 0.00017152806828528533
7 0.00018174320279914808
7.2 0.00019225250297083947
7.4 0.00020305587199254772
7.6 0.00021415321426556904
7.8 0.0002255444354301771
8 0.00023722944240139735
8.2 0.0002492081433695485
8.4 0.00026148044784652513
8.6 0.00027404626672733717
8.8 0.0002869055122282578
9 0.00030005809804078943
9.2 0.00031350393918601116
9.4 0.0003272429521911731
9.6 0.00034127505499252013
9.8 0.0003556001670938701
10 0.00037021820945743687
10.2 0.00038512910457366007
10.4 0.0004003327765498058
10.6 0.0004158291510234883
10.8 0.0004316181552254657
11 0.0004476997180341291
11.2 0.00046407376995011166
11.4 0.00048074024317248915
11.6 0.000497699071552615
11.8 0.0005149501906532813
12 0.0005324935376996461
12.2 0.0005503290518104133
12.4 0.0005684566736746694
12.6 0.0005868763458656991
12.8 0.0006055880127757482
13 0.0006246465752348577
13.2 0.0006438871171671394
13.4 0.0006634744522902787
13.6 0.0006833535778511379
13.8 0.0007035244473518596
14 0.000723987016169075
14.2 0.0007447412417252142
14.4 0.0007657870833072706
14.6 0.000787124502095049
14.8 0.0008087534612665259
15 0.0008306739259749921
15.2 0.0008528858632812634
15.4 0.0008753892422819306
15.6 0.000898184034097733
15.8 0.0009212702117716102
16 0.0009446477504704029
16.2 0.0009683166273339088
16.4 0.0009922768215609784
16.6 0.0010165283144302768
16.8 0.0010410710892244364
17 0.0010659051313933457
17.2 0.0010910304283528358
17.4 0.0011164469697204779
17.6 0.001142154747179578
17.8 0.001168153754487166
18 0.0011944439875668789
18.2 0.001221025444469055
18.4 0.001247898125339981
18.6 0.0012750620325316282
18.8 0.0013025171704664578
19 0.0013302635457376588
19.2 0.0013583011671955561
19.4 0.0013866300457601435
19.6 0.0014152501945215448
19.8 0.0014441616288321506
20 0.0014733643661477484
20.2 0.001502858426170484
20.4 0.0015326438307359906
20.6 0.0015627206040122487
20.8 0.0015930887721981306
21 0.0016237483638185054
21.2 0.001654699409623334
21.4 0.0016859419425203168
21.6 0.001717475997660692
21.8 0.0017493016124569682
22 0.001781418826460512
22.2 0.0018138276817137658
22.4 0.0018465282221562956
22.6 0.0018795204941799597
22.8 0.0019128045464059924
23 0.0019463804296657268
23.2 0.0019802481971010646
23.4 0.002014407904073174
23.6 0.002048859608218196
23.8 0.002083603369490364
24 0.0021186392500428847
24.2 0.002153967314351313
24.4 0.0021895876291786365
24.6 0.0022255002635874323
24.8 0.0022617052889125767
25 0.002298202778773345
25.2 0.002334992809132725
25.4 0.0023720754582089434
25.6 0.0024094508066779354
25.8 0.0024471189373228164
26 0.002485079935418434
26.2 0.0025233338885112563
26.4 0.0025618808865065256
26.6 0.002600721021650542
26.8 0.0026398543885943347
27 0.0026792810842205693
27.2 0.0027190012079329963
27.4 0.0027590148614614627
27.6 0.002799322148909953
27.8 0.0028399231767986073
28 0.002880818054066664
28.2 0.0029220068920628307
28.4 0.0029634898045621813
28.6 0.0030052669078000165
28.8 0.0030473383205109742
29 0.0030897041637673746
29.2 0.003132364561254363
29.4 0.003175319639130337
29.6 0.003218569525995935
29.8 0.0032621143530449123
30 0.0033059542539724397
30.2 0.0033500893650624895
30.4 0.0033945198252136365
30.6 0.0034392457758078408
30.8 0.00348426736091281
31 0.0035295847272300354
31.2 0.003575198024111798
31.4 0.003621107403515409
31.6 0.0036673130201797205
31.8 0.003713815031543874
32 0.0037606135977742827
32.2 0.003807708881735994
32.4 0.003855101049211378
32.6 0.003902790268674912
32.8 0.003950776711532702
33 0.003999060552010571
33.2 0.004047641967178859
33.4 0.004096521137190242
33.6 0.004145698245041129
33.8 0.00419517347666575
34 0.0042449470210902
34.2 0.004295019070426084
34.4 0.004345389819806403
34.6 0.004396059467519063
34.8 0.004447028214926993
35 0.004498296266647358
35.2 0.004549863830528259
35.4 0.004601731117747134
35.6 0.0046538983425646226
35.8 0.004706365722834704
36 0.0047591334797129885
36.2 0.004812201837663925
36.4 0.004865571024833677
36.6 0.00491924127271999
36.8 0.004973212816345794
37 0.005027485894602841
37.2 0.0050820607496710165
37.4 0.005136937627711725
37.6 0.0051921167783879965
37.8 0.0052475984555064225
38 0.005303382916448448
38.2 0.005359470422238428
38.4 0.005415861238748814
38.6 0.0054725556348091285
38.8 0.005529553883598648
39 0.005586052297827298
39.2 0.005644463055597793
39.4 0.005702374545155149
39.6 0.005760591022958874
39.8 0.005819112783202752
40 0.005877940124954608
40.2 0.005937073351222817
40.4 0.005996512769964378
40.6 0.006056258693525597
40.8 0.006116311438841866
41 0.006176671327974009
41.2 0.006237338686863121
41.4 0.006298313847159981
41.6 0.006359597144843379
41.8 0.006421188921333626
42 0.006483089522532924
42.2 0.006545299299725281
42.4 0.006607818609370825
42.6 0.006670647812800663
42.8 0.006733787277302317
43 0.006797237374900534
43.2 0.006860998483196819
43.4 0.006925070985394513
43.6 0.006989455270281855
43.8 0.007054151732108573
44 0.007119160770821643
44.2 0.007184482792418658
44.4 0.007250118208580029
44.6 0.007316067436723393
44.8 0.00738233090048306
45 0.00744890902940783
45.2 0.007515802259390296
45.4 0.007583011032186025
45.6 0.007650535796174656
45.8 0.007718377005960223
46 0.007786535122380383
46.2 0.00785501061300174
46.4 0.007923803952059813
46.6 0.007992915620122594
46.8 0.008062346104547544
47 0.008132095899867799
47.2 0.008202165507012051
47.4 0.008272555433938024
47.6 0.008343266195797946
47.8 0.008414298314227912
48 0.008485652319719142
48.2 0.008557328748346417
48.4 0.008629328142566698
48.6 0.008701623317423574
48.8 0.008774298045808336
49 0.008847269680524277
49.2 0.008920566530645109
49.4 0.008994189179621095
49.6 0.009068138216456741
49.8 0.009142414238425565
50 0.009217017850961266
50.2 0.009291949666700798
50.4 0.009367210306683041
50.6 0.009442800400714192
50.8 0.009518720585869238
51 0.009594971507915011
51.2 0.009671553821040334
51.4 0.009748468188026035
51.6 0.009825715279436728
51.8 0.009903295775117336
52 0.009981210363326396
52.2 0.010059459741146075
52.4 0.010138044614054348
52.6 0.010216965696915957
52.8 0.010296223713087905
53 0.010375819395289974
53.2 0.010455753485008747
53.4 0.010536026733144573
53.6 0.010616639899433374
53.8 0.010697593753305515
54 0.010778889073475687
54.2 0.01086052664784527
54.4 0.010942507273984324
54.6 0.011024831759063944
54.8 0.011107500919724712
55 0.011190515582584071
55.2 0.011273876583588461
55.4 0.01135758476894223
55.6 0.011441640994627507
55.8 0.011526046126524522
56 0.011610801040625488
56.2 0.011695906622918754
56.4 0.011781363769662134
56.6 0.01186717338744586
56.8 0.011953336393035224
57 0.012039853713592017
57.2 0.012126726286629025
57.4 0.012213955060383731
57.6 0.012301540993340902
57.8 0.012389485055035098
58 0.012477788225258838
58.2 0.01256645149473323
58.4 0.012655475865192728
58.6 0.012744862348817235
58.8 0.012834611969207729
59 0.012924725760655023
59.2 0.01301520476864101
59.4 0.013106050049671188
59.6 0.013197262671524327
59.8 0.013288843713127165
60 0.013380794264874714
60.2 0.013473115428259939
60.4 0.013565808316493906
60.6 0.013658874053957354
60.8 0.013752313776667684
61 0.013846128632434927
61.2 0.013940319780407965
61.4 0.014034888391430344
61.6 0.01412983564832774
61.8 0.014225162745482627
62 0.014320870889144768
62.2 0.014416961297671255
62.4 0.01451343520106279
62.6 0.014610293841390124
62.8 0.01470753847285822
63 0.014805170361742654
63.2 0.014903190786251245
63.4 0.015001601036982464
63.6 0.01510040241644106
63.8 0.015199596239743497
64 0.015299183833975721
64.2 0.015399166538708126
64.4 0.01549954570566717
64.6 0.015600322699410325
64.8 0.015701498896304435
65 0.015803075685649363
65.2 0.015905054468883063
65.4 0.016007436660324618
65.6 0.016110223686339645
65.8 0.016213416986273824
66 0.01631701801177157
66.2 0.01642102822702916
66.4 0.0165254491094332
66.6 0.016630282148258374
66.8 0.01673552884586005
67 0.016841190716446436
67.2 0.016947269288265517
67.4 0.0170537661011652
67.6 0.017160682708313574
67.8 0.017268020674766654
68 0.01737578157903855
68.2 0.01748396701163873
68.4 0.017592578576365696
68.6 0.017701617889266597
68.8 0.017811086579109823
69 0.01792098628724566
69.2 0.018031318667720352
69.4 0.018142085387274746
69.6 0.01825328812493033
69.8 0.018364928572365772
70 0.018477008433878547
70.2 0.018589529426262862
70.4 0.01870249327864597
70.6 0.018815901732452213
70.8 0.018929756541767557
71 0.01904405947288907
71.2 0.019158812304225344
71.4 0.019274016826771354
71.6 0.019389674843392712
71.8 0.0195057881691673
72 0.019622358631548886
72.2 0.019739388069449682
72.4 0.019856878334022145
72.6 0.019974831288576505
72.8 0.020093248807692043
73 0.020212132778067743
73.2 0.020331485097943407
73.4 0.020451307676035244
73.6 0.020570820915945868
73.8 0.020692371308986757
74 0.020813616239654723
74.2 0.020935339182712363
74.4 0.02105754210503771
74.6 0.021180226983729306
74.8 0.02130339580768482
75 0.021427050575739126
75.2 0.02155119329835844
75.4 0.021675825995885183
75.6 0.021800950699326117
75.8 0.021926569450613265
76 0.02205268430140201
76.2 0.022179297313810294
76.4 0.02230641055958351
76.6 0.02243402612098932
76.8 0.022562146090026214
77 0.022690772567566467
77.2 0.022819907664952777
77.4 0.022949553502630483
77.6 0.023079712210141844
77.8 0.023210385926426467
78 0.02334157679915317
78.2 0.023473286985175024
78.4 0.023605518649771565
78.6 0.02373827396692209
78.8 0.023871555118966346
79 0.024005364296760475
79.2 0.024139703699019945
79.4 0.02427457553241416
79.6 0.02440998201173004
79.8 0.02454592535926296
80 0.024682407804855113
80.2 0.024819431585732313
80.4 0.024956998946352442
80.6 0.025095112138270967
80.8 0.02523377341996863
81 0.025372985056569226
81.2 0.025512749319976134
81.4 0.025653068488462064
81.6 0.025793944846430022
81.8 0.025935380684694195
82 0.02607737830003876
82.2 0.026219939994784537
82.4 0.02636306807720236
82.6 0.026506764860937372
82.8 0.02665103266504034
83 0.026795873813906208
83.2 0.026941290636940285
83.4 0.027087285468095586
83.6 0.027233860646678047
83.8 0.027381018515869444
84 0.027528761424359605
84.2 0.027677091724265915
84.4 0.027826011771987236
84.6 0.027975523928337825
84.8 0.028125630557813672
85 0.028276334028714167
85.2 0.028427636712909155
85.4 0.028579540985945718
85.6 0.028732049226595675
85.8 0.028885163816600355
86 0.02903888714110779
86.2 0.029193221588659023
86.4 0.029348169550248354
86.6 0.02950277250866958
86.8 0.029659915593506624
87 0.029816718470248384
87.2 0.029974144451964235
87.4 0.030132195942697455
87.6 0.030290875348570785
87.8 0.030450185077707394
88 0.030610127541726408
88.2 0.030770705152034776
88.4 0.030931920324148345
88.6 0.031093775474596366
88.8 0.03125627302180022
89 0.03141941538600229
89.2 0.031583204989814546
89.4 0.0317476442569418
89.6 0.03191273561346091
89.8 0.03207848148674594
90 0.03224488430594032
90.2 0.032411946502748167
90.4 0.03257967050936757
90.6 0.03274805876085913
90.8 0.03291711369347717
91 0.033086837745987516
91.2 0.033257233358563
91.4 0.03342830297336832
91.6 0.033600049035045994
91.8 0.03377247399029596
92 0.03394558028799451
92.2 0.03411937037920587
92.4 0.03429384671800141
92.6 0.03446901176103153
92.8 0.034644867966903886
93 0.03482141779904843
93.2 0.03499866372196869
93.4 0.03517660820490566
93.6 0.03535525372035714
93.8 0.03553460274455289
94 0.03571465775729971
94.2 0.03589542124378148
94.4 0.03607689569288347
94.6 0.036259083598630865
94.8 0.03644198746018299
95 0.03662560978225414
95.2 0.036809953075592115
95.4 0.036995019856424914
95.6 0.03718081264879697
95.8 0.037367333982051144
96 0.0375545863942316
96.2 0.03774257243019996
96.4 0.03793129464407349
96.6 0.0381207555983059
96.8 0.038310957863013646
97 0.038501904020142315
97.2 0.03869359666085217
97.4 0.038886038386903535
97.6 0.03907923181090795
97.8 0.03927317955787779
98 0.03946788426507537
98.2 0.03966334858386724
98.4 0.03985957517445523
98.6 0.040056566719120584
98.8 0.04025432591752664
99 0.04045285534119035
99.2 0.040571906064725445
99.4 0.04075360809451701
99.6 0.040936162060596415
99.8 0.041122283864839536
100 0.04130383666149218
100.2 0.04148896276724696
100.4 0.04167495176866498
100.6 0.04186180643614058
100.8 0.042046664053936166
101 0.0422381239863619
101.2 0.042427592506523844
101.4 0.04261793800296323
101.6 0.042809163329073543
101.8 0.04300127140124619
102 0.04319426513482443
102.2 0.041189761475917464
102.4 0.043521498397416924
102.6 0.0436923529013108
102.8 0.04386420199901747
103 0.04403704907041899
103.2 0.04421089753757313
103.4 0.04438575081237615
103.6 0.04456161232119811
103.8 0.044738485506307095
104 0.0449163738316031
104.2 0.045095280773806784
104.4 0.04527520982551749
104.6 0.04545616450081166
104.8 0.04563814833047949
105 0.04582116487106482
105.2 0.046005217698379244
105.4 0.04619031040801219
105.6 0.04637644662539785
105.8 0.04656362999939267
106 0.0467518641998545
106.2 0.046941152929625925
106.4 0.047131499911743986
106.6 0.047322908905801146
106.8 0.04751538369495042
107 0.047708928095496074
107.2 0.04790354594494595
107.4 0.04809924113080673
107.6 0.048296017492594205
107.8 0.04849387898509447
108 0.046516532109689736
108.2 0.04885567992582944
108.4 0.04681545950113979
108.6 0.04908780963140394
108.8 0.04923751413539262
109 0.04938852663524785
109.2 0.04954085259292046
109.4 0.04969449740328229
109.6 0.049849466464871886
109.8 0.050005765141903455
110 0.05016339885990117
110.2 0.050322372961595
110.4 0.050482692866992654
110.6 0.05064436384446704
110.8 0.050807391255720744
111 0.05097178057553069
111.2 0.0511375368446819
111.4 0.05130466553397456
111.6 0.051473172088504125
111.8 0.04947836910316857
112 0.051800505852525845
112.2 0.05195889764199993
112.4 0.05211677519181078
112.6 0.05228003649746303
112.8 0.05244279293147466
113 0.05260701396015087
113.2 0.05277270463219349
113.4 0.05293986980696817
113.6 0.05310851432146127
113.8 0.05327864301646744
114 0.05345026063304086
114.2 0.05362337182987714
114.4 0.053797981203332935
114.6 0.05397409322866009
114.8 0.054121363810873624
115 0.0540081834855367
115.2 0.05412476216518779
115.4 0.054243076718817076
115.6 0.054363134054971965
115.8 0.05282728673880045
116 0.05079239175745919
116.2 0.05308863753974377
116.4 0.05321554619871724
116.6 0.05334419305812488
116.8 0.05347458449516651
117 0.05360672629520105
117.2 0.05374062407393666
117.4 0.053876283303908715
117.6 0.05404042842985679
117.8 0.05220761333390212
118 0.05236495961978181
118.2 0.052523991081946296
118.4 0.05268471136149261
118.6 0.0527181572913735
118.8 0.052874035556507014
119 0.052990433833975864
119.2 0.05315025920720995
119.4 0.05331182555275968
119.6 0.053475134380507966
119.8 0.05347127246725874
120 0.05359831373839469
120.2 0.05372722721150803
120.4 0.05385801578343512
120.6 0.053990681865197586
120.8 0.05412522736968829
121 0.05426165368678974
121.2 0.054399961679811815
121.4 0.05454015166665018
121.6 0.053454204185658084
121.8 0.05360495153440601
122 0.05371176464805802
122.2 0.053823182068419885
122.4 0.05393657814073911
122.6 0.05213897487884502
122.8 0.05227446346365908
123 0.05241179747213729
123.2 0.052550975457518134
123.4 0.05268041615793922
123.6 0.052823723508914934
123.8 0.05296887747172997
124 0.05311587346225825
124.2 0.053264706123815474
124.4 0.05341536933047737
124.6 0.05356785615184312
124.8 0.05372215889970311
125 0.053878269054747775
125.2 0.05403617734730695
125.4 0.05419587361657418
125.6 0.054357347020496605
125.8 0.05452058574880103
126 0.05468557731664678
126.2 0.05485230834490333
126.4 0.05281833580550787
126.6 0.055160398306877544
126.8 0.05363462522167576
127 0.05376335617517793
127.2 0.05396225896465488
127.4 0.054094685679444726
127.6 0.05422878096937326
127.8 0.05436452819727683
128 0.053245439411282014
128.2 0.053388938522018356
128.4 0.05360402327707627
128.6 0.053751031853098014
128.8 0.0538995857001052
129 0.05404966359315246
129.2 0.05405720696135103
129.4 0.05415157454536652
129.6 0.05424757644061307
129.8 0.05434519890770672
130 0.05221489481834001
130.2 0.05450096431756104
130.4 0.05442104505804745
130.6 0.052409828787984725
130.8 0.05243310509176446
131 0.05245914823003977
131.2 0.05248593757054583
131.4 0.052514379346801886
131.6 0.050546410693657624
131.8 0.05061501759015988
132 0.05067942094230832
132.2 0.0507451357177981
132.4 0.05071895486713295
132.6 0.05071754320491747
132.8 0.05071761860386571
133 0.04955550144863006
133.2 0.049566079657862784
133.4 0.047304803131023095
133.6 0.049584319653775404
133.8 0.04759023865186873
134 0.04763290265231327
134.2 0.04767668710677204
134.4 0.04772158731063916
134.6 0.04776759822952622
134.8 0.04781471444198101
135 0.04786293028147044
135.2 0.04791223985487841
135.4 0.047962637004189845
135.6 0.04801411537745686
135.8 0.04806666843876209
136 0.04812028952120235
136.2 0.04817497181357103
136.4 0.04823070843651114
136.6 0.04828749244130733
136.8 0.04834531685840298
137 0.04840417474085682
137.2 0.04846405917234743
137.4 0.04696426112337353
137.6 0.04696916402943044
137.8 0.04697512792777319
138 0.04705108461897676
138.2 0.047059304016478266
138.4 0.04706862981910476
138.6 0.04707907598289699
138.8 0.04709065644194515
139 0.04519373401817115
139.2 0.045280844960118805
139.4 0.0453292377265236
139.6 0.04537842072117482
139.8 0.04542840462213109
140 0.04547920067180205
140.2 0.04553082070933502
140.4 0.0455832772014995
140.6 0.04563658327535667
140.8 0.04569075276059012
141 0.045745800224954454
141.2 0.045801741009708234
141.4 0.04585859128216593
141.6 0.04591636807093761
141.8 0.04597508931881981
142 0.046034773927624104
142.2 0.04609544181494082
142.4 0.04615711396467621
142.6 0.04621981248225495
142.8 0.04628356066408052
143 0.04634838304423148
143.2 0.04641430548446367
143.4 0.046481355152788076
143.6 0.046550202792601594
143.8 0.04657387853908323
144 0.04659889947893602
144.2 0.046625304241768056
144.4 0.04665313257493807
144.6 0.04668242597108076
144.8 0.04671322779070336
145 0.046745583399249904
145.2 0.046779540240115255
145.4 0.0468151479507101
145.6 0.04685245847784745
145.8 0.04689152618573851
146 0.046932407976812585
146.2 0.04697516341870779
146.4 0.04701985486637165
146.6 0.04706654759340708
146.8 0.04711530992689772
147 0.047166213381745044
147.2 0.04721933280260926
147.4 0.047274746501899556
147.6 0.0473325364035636
147.8 0.047392788189238345
148 0.04745559144067058
148.2 0.04752103978991285
148.4 0.04758923106254783
148.6 0.047660267428234995
148.8 0.04773425555127575
149 0.047811306739595216
149.2 0.047891537102243684
149.4 0.04797506770750156
149.6 0.04806202475143248
149.8 0.048152539734819165
150 0.048246749652026334
150.2 0.0473992484002857
150.4 0.04750796724968486
150.6 0.047620789108326116
150.8 0.047737876388753014
151 0.047859398294895696
151.2 0.04646859497824018
151.4 0.046616229450696406
151.6 0.046768697551933816
151.8 0.04692620108125139
152 0.04708895062045496
152.2 0.04725716592316513
152.4 0.04750646744874327
152.6 0.047686735002034256
152.8 0.047873198557803615
153 0.04806611753141726
153.2 0.04826576110342116
153.4 0.04847240779494
153.6 0.048686344758142895
153.8 0.048907866760187726
154 0.04908608365737521
154.2 0.04932458160542775
154.4 0.049571901636275166
154.6 0.049828340913706616
154.8 0.05009419050911317
155 0.050366626920267304
155.2 0.05065523793705674
155.4 0.050950961719570226
155.6 0.0512571410297325
155.8 0.051573990708159836
156 0.051901699601551735
156.2 0.05224042658217881
156.4 0.052590296526785374
156.6 0.05295139628623261
156.8 0.053323770768087045
157 0.05370741922697298
157.2 0.054102291854176664
157.4 0.05450828682530663
157.6 0.054925247874058086
157.8 0.05535296257068554
158 0.05579116136184689
158.2 0.056122550877108796
158.4 0.05411333053644365
158.6 0.052219531357594585
158.8 0.05251552524243283
159 0.05281844292313822
159.2 0.05312803286978462
159.4 0.05330019873653313
159.6 0.05123788773765873
159.8 0.05144507538060988
160 0.05165636208937014
160.2 0.051871735844545484
160.4 0.05209117830924865
160.6 0.05231466511488426
160.8 0.05254216620435778
161 0.05277364626970138
161.2 0.050628599880575234
161.4 0.053096337473299754
161.6 0.05318637765691292
161.8 0.0512350901985844
162 0.05140774758048003
162.2 0.05158359396310462
162.4 0.051762677568955875
162.6 0.05194504673178513
162.8 0.052130749825148294
163 0.0523198351375608
163.2 0.05251235072971122
163.4 0.05132422026341589
163.6 0.05285510253359466
163.8 0.05297530710350857
164 0.05309936033469572
164.2 0.05322733154458858
164.4 0.05335928724672734
164.6 0.053443126363894186
164.8 0.053484637305622355
165 0.053530595138413094
165.2 0.053581092470095966
165.4 0.053636213915680485
165.6 0.05187250818090242
165.8 0.04993993576515809
166 0.05016479991366524
166.2 0.05032056552211368
166.4 0.05048004425980314
166.6 0.05064323332850338
166.8 0.05081011431545822
167 0.0509806520241313
167.2 0.051111258581420675
167.4 0.05117025925793068
167.6 0.05123305482645026
167.8 0.05129961189179219
168 0.04681501651685953
168.2 0.04700817436950161
168.4 0.047139034753833325
168.6 0.047272390569665326
168.8 0.0498492189246174
169 0.04992391357773077
169.2 0.0475800428606413
169.4 0.04520510875457832
169.6 0.04523773944555379
169.8 0.04527089140572716
170 0.045304625303308005
170.2 0.04533901227051472
170.4 0.04774678179462179
170.6 0.04778044517103537
170.8 0.047815066366280926
171 0.047850787655150426
171.2 0.047887780620053076
171.4 0.047926253575144136
171.6 0.04796646121542583
171.8 0.04800871707702852
172 0.04805340958983487
172.2 0.04810102370188814
172.4 0.04815216900977898
172.6 0.04820761753901795
172.8 0.04826835347998738
173 0.04833563951847412
173.2 0.04833443918991588
173.4 0.048419974907550276
173.6 0.048518491933779516
173.8 0.04863349090378142
174 0.04876942669374974
174.2 0.048931839868572295
174.4 0.0491273487002998
174.6 0.049363334237926874
174.8 0.04964709916238759
175 0.04998433377496636
175.2 0.05037699230187214
175.4 0.05082117690382232
175.6 0.04870295094092754
175.8 0.04873552268830682
176 0.04876854660517309
176.2 0.04880205688546815
176.4 0.04883609137595109
176.6 0.048870692023726604
176.8 0.04890590540191902
177 0.04894178328806252
177.2 0.04897838334163207
177.4 0.04901576987113972
177.6 0.0490540147097345
177.8 0.04909319822119778
178 0.04913341044520747
178.2 0.04917475241475441
178.4 0.04921733765006913
178.6 0.04926129387615949
178.8 0.049306764967370735
179 0.04935391316095053
179.2 0.049830911421506294
179.4 0.049879606198307745
179.6 0.04993060638596638
179.8 0.04998417462393987
180 0.05004060744209352
180.2 0.05010023925900152
180.4 0.050163446517060256
180.6 0.05023065178726774
180.8 0.05030232756244891
181 0.05037899933617583
181.2 0.05046124738505978
181.4 0.05054970646437752
181.6 0.05064506240011055
181.8 0.05074804431540261
182 0.05085941105539312
182.2 0.05097993034371029
182.4 0.05111034942172596
182.6 0.051251356565060885
182.8 0.051403534041219404
183 0.05156730478338298
183.2 0.05174287715008273
183.4 0.0519301941600193
183.6 0.05212889483957571
183.8 0.05233829507592698
184 0.052557393200417975
184.2 0.05278490170476473
184.4 0.05048960561594077
184.6 0.050517084911200445
184.8 0.05054464511220438
185 0.05057228720391639
185.2 0.05060001227551357
185.4 0.05062782153328378
185.6 0.05065571631625146
185.8 0.05068369811414197
186 0.05071176858926426
186.2 0.050739929601056055
186.4 0.05076818323662596
186.6 0.050796531845107774
186.8 0.05082497807959965
187 0.050853524946879385
187.2 0.05088217586575798
187.4 0.050910934737023246
187.6 0.05093980602661491
187.8 0.05096879486388866
188 0.050997907158087774
188.2 0.05102714973527209
188.4 0.051056530497908946
188.6 0.05140668491203621
188.8 0.05143503379352775
189 0.051463558482640705
189.2 0.05149227310533437
189.4 0.05152119389504244
189.6 0.05155033931894637
189.8 0.0515797300415752
190 0.05160938857712585
190.2 0.051639338394985926
190.4 0.05166960211780642
190.6 0.05170019830441308
190.8 0.05173113617759613
191 0.05176240766247696
191.2 0.05179397649399735
191.4 0.051825765321051424
191.6 0.051857644050859714
191.8 0.05188942591845827
192 0.05192088011238705
192.2 0.05195176745685466
192.4 0.051981895356314374
192.6 0.05207929387646811
192.8 0.05210898053670287
193 0.052138775086469795
193.2 0.052168678786485526
193.4 0.05219869293645993
193.6 0.052228818875360315
193.8 0.05225905798314591
194 0.05228941168118208
194.2 0.05271838678150555
194.4 0.05274793155879111
194.6 0.05277759860782666
194.8 0.05280738949965964
195 0.05283730585202162
195.2 0.05286734933090891
195.4 0.05289752165119394
195.6 0.052927824578072276
195.8 0.05362273786636305
196 0.05365220864992335
196.2 0.053681818370496764
196.4 0.05371156898307969
196.6 0.053741462498933336
196.8 0.05377150098756736
197 0.05380168657743461
197.2 0.053832021457652805
197.4 0.05386250787974906
197.6 0.05389314815853438
197.8 0.053923944674059546
198 0.05395489987293778
198.2 0.053986016270039
198.4 0.05401729645028494
198.6 0.05404874306941211
198.8 0.05408035885685638
199 0.0541121466165568
199.2 0.05414410922888315
199.4 0.05417624965265611
199.6 0.054208570926387006
199.8 0.0542410761705808
