-200 0.0924543385964226
-199.8 0.09250684113879112
-199.6 0.0931980104353989
-199.4 0.09311017011945712
-199.2 0.09302229386495313
-199 0.09293438169002417
-198.8 0.0928464336126877
-198.6 0.09275844965142255
-198.4 0.0926704298246149
-198.2 0.09258237415114015
-198 0.0924942826496381
-197.8 0.09240615533940229
-197.6 0.09231799223955997
-197.4 0.0931888399809525
-197.2 0.09309960757307821
-197 0.09301033840135135
-196.8 0.09292103248490402
-196.6 0.09283168984337539
-196.4 0.09274231049636981
-196.2 0.09265289446389495
-196 0.09256344176586243
-195.8 0.09247395242271107
-195.6 0.09238442645489409
-195.4 0.09229486388284892
-195.2 0.09220526472766845
-195 0.09211562901039627
-194.8 0.09202595675206399
-194.6 0.09193624797440882
-194.4 0.09215831521074158
-194.2 0.09206836905127831
-194 0.09197838584717663
-193.8 0.0918883656197321
-193.6 0.091798308390029
-193.4 0.09170821417971158
-193.2 0.09161808301052471
-193 0.09152791490422897
-192.8 0.0923730180736751
-192.6 0.09228211653730649
-192.4 0.09219117642554557
-192.2 0.09210019775802976
-192 0.09200918055452201
-191.8 0.09191812483483347
-191.6 0.09182703061940806
-191.4 0.0917358979284653
-191.2 0.09164472678260104
-191 0.09257445132466635
-190.8 0.09248212089260441
-190.6 0.09238975088963623
-190.4 0.09229734133638201
-190.2 0.09220489225360978
-190 0.09211240366242447
-189.8 0.09201987558388994
-189.6 0.09192730803954499
-189.4 0.09183470105107004
-189.2 0.09174205464047842
-189 0.0916493688297601
-188.8 0.09164143384418398
-188.6 0.09154871452804374
-188.4 0.09145595573401195
-188.2 0.09136315748458244
-188 0.09127031980260217
-187.8 0.09117744271112968
-187.6 0.09119003360706136
-187.4 0.09109712339262516
-187.2 0.09100417368190358
-187 0.0913747951245339
-186.8 0.09128152569063357
-186.6 0.09118821564240462
-186.4 0.09117038744919573
-186.2 0.0910770023034497
-186 0.0923954881172095
-185.8 0.09230037867140625
-185.6 0.09285545208049743
-185.4 0.09276015576843649
-185.2 0.0926648163838066
-185 0.09270841333596513
-184.8 0.09261292260424019
-184.6 0.09251738856936614
-184.4 0.09242181125096584
-184.2 0.09232619066863995
-184 0.09223052684236187
-183.8 0.09301997439723522
-183.6 0.09292326724939827
-183.4 0.0928265158405244
-183.2 0.09272972019027667
-183 0.09263288031941691
-182.8 0.09253599624807542
-182.6 0.09243906799760408
-182.4 0.09234209558899648
-182.2 0.09224507904374084
-182 0.09214801838335458
-181.8 0.09341611915240085
-181.6 0.09331734735593133
-181.4 0.09321852962784047
-181.2 0.09311966598924369
-181 0.09302075646164946
-180.8 0.09292180106682235
-180.6 0.09282279982714071
-180.4 0.09272375276431191
-180.2 0.09262465990165458
-180 0.0925255212621214
-179.8 0.09242633686825905
-179.6 0.09262175337788434
-179.4 0.09252231926318767
-179.2 0.09242283874256349
-179 0.09232331183873692
-178.8 0.09312228215740365
-178.6 0.09302203563676295
-178.4 0.09337787046164282
-178.2 0.09327740036353317
-178 0.09317688230139129
-177.8 0.09307631629514612
-177.6 0.09297570236637621
-177.4 0.09287504053880574
-177.2 0.09277433083198751
-177 0.09267293158586455
-176.8 0.09257304161957364
-176.6 0.09278067956533184
-176.4 0.09267957297142489
-176.2 0.09257756775344547
-176 0.09247681041560869
-175.8 0.09237600479941017
-175.6 0.09329166451264938
-175.4 0.09318959612100543
-175.2 0.09308610659216258
-175 0.09298349561449412
-174.8 0.09288083519137362
-174.6 0.09318543656479293
-174.4 0.09308247344887184
-174.2 0.09297945980505185
-174 0.09287639565618325
-173.8 0.09277328102354158
-173.6 0.09267011593075884
-173.4 0.09256690040032657
-173.2 0.09246363445624371
-173 0.09236031812226946
-172.8 0.09225695142235842
-172.6 0.09215353438084124
-172.4 0.09205006702322156
-172.2 0.0919465493741162
-172 0.09184298145856584
-171.8 0.09173936330445995
-171.6 0.09206394736980945
-171.4 0.0919600775113935
-171.2 0.09185567155204247
-171 0.09175224844560273
-170.8 0.09164877450137635
-170.6 0.09154409095275982
-170.4 0.09143996766271312
-170.2 0.09133579376572544
-170 0.0912315692899407
-169.8 0.09112729426291602
-169.6 0.09102296871286535
-169.4 0.09091859266818436
-169.2 0.09081416615795854
-169 0.09070968921161987
-168.8 0.09060516185833625
-168.6 0.09050058412862741
-168.4 0.09039595605261437
-168.2 0.09157094720796333
-168 0.09146461270758582
-167.8 0.09135822594303936
-167.6 0.09125178694407485
-167.4 0.09114529574119057
-167.2 0.09103875236559698
-167 0.09093215684832757
-166.8 0.09135828455235542
-166.6 0.09125140151830541
-166.4 0.09114446573870795
-166.2 0.09103747724469753
-166 0.09093043606730378
-165.8 0.09082334223827229
-165.6 0.09071619578953614
-165.4 0.09060899675364426
-165.2 0.09050174516321495
-165 0.09039444105149082
-164.8 0.0902870844521066
-164.6 0.0917819957108169
-164.4 0.0916743264655156
-164.2 0.0915666029808199
-164 0.09145882528525172
-163.8 0.09135099340739303
-163.6 0.09124310737678089
-163.4 0.0911351672227968
-163.2 0.09102717297561892
-163 0.09091912466545611
-162.8 0.0908110223233207
-162.6 0.09070286598031593
-162.4 0.09059465566809714
-162.2 0.09048639141876223
-162 0.09037807326457235
-161.8 0.09026970123848733
-161.6 0.09016127537373614
-161.4 0.09005279570400657
-161.2 0.08994426226329087
-161 0.08983567508615369
-160.8 0.08972703420741535
-160.6 0.08961833966252541
-160.4 0.08950959148701565
-160.2 0.08940078971723295
-160 0.08994351607097306
-159.8 0.08983428246280896
-159.6 0.08972499198323869
-159.4 0.08961564465887713
-159.2 0.08950624051671242
-159 0.08939677958401847
-158.8 0.08950981879835881
-158.6 0.08940014401364275
-158.4 0.08929041186257079
-158.2 0.08918062237254068
-158 0.0890707755714103
-157.8 0.09023172219367973
-157.6 0.09012011046860792
-157.4 0.0900084392718337
-157.2 0.08989670863096813
-157 0.08978491857386463
-156.8 0.08967306912911964
-156.6 0.08956116032573712
-156.4 0.08944919219305027
-156.2 0.08933716476112726
-156 0.08922507806044579
-155.8 0.0891129321219069
-155.6 0.08900072697695667
-155.4 0.08888846265767146
-155.2 0.08877613919648805
-155 0.08866375662638362
-154.8 0.08855131498081992
-154.6 0.08843881429397485
-154.4 0.08832625460029717
-154.2 0.08821363593488038
-154 0.08810095833327009
-153.8 0.0889038888085026
-153.6 0.08878999479136453
-153.4 0.08867604034650672
-153.2 0.08871626102299937
-153 0.08860221805739256
-152.8 0.08848811445713148
-152.6 0.08837395025827748
-152.4 0.08825972549771614
-152.2 0.0881454402126493
-152 0.08803109444092926
-151.8 0.08791668822097609
-151.6 0.08780222159179059
-151.4 0.08768769459284162
-151.2 0.08757310726420754
-151 0.08745845964664826
-150.8 0.0873437517812693
-150.6 0.08722898370986919
-150.4 0.08711415547488242
-150.2 0.08699926711928073
-150 0.08688431868649903
-149.8 0.08676931022069985
-149.6 0.0866542417666196
-149.4 0.08653911336951801
-149.2 0.08642392507527591
-149 0.08630867693030722
-148.8 0.08619336898177474
-148.6 0.08607800127734068
-148.4 0.0859625738652999
-148.2 0.08584708679448136
-148 0.0864613111730774
-147.8 0.08634540731537614
-147.6 0.08622944098218292
-147.4 0.08611341221400695
-147.2 0.08599732105196074
-147 0.08588116753786296
-146.8 0.08576495171413837
-146.6 0.08564867362369946
-146.4 0.08553233331033676
-146.2 0.085415930818156
-146 0.08529946619209365
-145.8 0.08518293947781405
-145.6 0.08671495381945044
-145.4 0.08734410633537004
-145.2 0.08722442925737502
-145 0.0871046851617839
-144.8 0.08698487408913881
-144.6 0.08686499608094343
-144.4 0.08674505117912595
-144.2 0.0866250394263896
-144 0.08650496086619894
-143.8 0.08638481554256182
-143.6 0.086264603500195
-143.4 0.08834705771670763
-143.2 0.08822607882012043
-143 0.08810503109234534
-142.8 0.08798391457232027
-142.6 0.0878627292995258
-142.4 0.08774147531428687
-142.2 0.0876201526575368
-142 0.0874987613706303
-141.8 0.08737730149613426
-141.6 0.08725577307663637
-141.4 0.08713417615596145
-141.2 0.08701251077834374
-141 0.08689077698873225
-140.8 0.0867689748328372
-140.6 0.08664710435743375
-140.4 0.08652516560873418
-140.2 0.08640315863521007
-140 0.08628108348521132
-139.8 0.08615894020785979
-139.6 0.08603672885312122
-139.4 0.08591444947159399
-139.2 0.08579210211474289
-139 0.08566968683461307
-138.8 0.08554720368406128
-138.6 0.08542465271663612
-138.4 0.0853020339864465
-138.2 0.08517934754895026
-138 0.08598105328612982
-137.8 0.08585720475713701
-137.6 0.08573328670556964
-137.4 0.08560929918533339
-137.2 0.08548496114136458
-137 0.08536116917308124
-136.8 0.08569912295062855
-136.6 0.08557426868811453
-136.4 0.08544972966848871
-136.2 0.08532511929497794
-136 0.08570089506070191
-135.8 0.08557591606245421
-135.6 0.08545086323678133
-135.4 0.08532573662505678
-135.2 0.08520053626940143
-135 0.08507526221276268
-134.8 0.08494991449897328
-134.6 0.08482449317251162
-134.4 0.08469899827866352
-134.2 0.0845734298636333
-134 0.08444778797415901
-133.8 0.08432207265825216
-133.6 0.08419628396422987
-133.4 0.08407042194143276
-133.2 0.08394448664022
-133 0.08704672914723428
-132.8 0.08691563720943958
-132.6 0.08678446348642593
-132.4 0.08665320801930954
-132.2 0.08652187085021219
-132 0.08639045202206629
-131.8 0.08625895157875435
-131.6 0.08612736956498772
-131.4 0.0859957060264687
-131.2 0.08586396100963052
-131 0.08606103966906893
-130.8 0.0859291048361337
-130.6 0.085797087809528
-130.4 0.08566498863509231
-130.2 0.08553280735938246
-130 0.08540054403001754
-129.8 0.08526819869549154
-129.6 0.08513577140520888
-129.4 0.08556998245471349
-129.2 0.08543718422275011
-129 0.08530430153362707
-128.8 0.08517133442720198
-128.6 0.085038282944271
-128.4 0.08490514712662287
-128.2 0.08477192701694514
-128 0.08463862265883396
-127.8 0.08450523409679557
-127.6 0.08437176137651632
-127.4 0.08423820454436703
-127.2 0.0841045636479394
-127 0.0839708387355675
-126.8 0.08383702985675187
-126.6 0.08370313706187076
-126.4 0.08356916040234486
-126.2 0.08343509993061494
-126 0.08379442093065408
-125.8 0.08366001076767134
-125.6 0.08352551450130632
-125.4 0.08339093217563255
-125.2 0.08325626383581666
-125 0.08312150952796105
-124.8 0.08298666929921603
-124.6 0.08285174319777207
-124.4 0.08271673127288096
-124.2 0.08258163357472152
-124 0.08244645015463803
-123.8 0.08231118106504084
-123.6 0.08217582635924543
-123.4 0.08204038609181796
-123.2 0.08190486031835177
-123 0.08176924909546776
-122.8 0.08163355248092706
-122.6 0.08149777053363166
-122.4 0.08299288722794776
-122.2 0.08285442285063577
-122 0.08310410127147913
-121.8 0.08296537519057831
-121.6 0.08282655774179118
-121.4 0.08268764897350417
-121.2 0.08254864893521423
-121 0.08240955767756175
-120.8 0.08227037525226645
-120.6 0.08213110171228964
-120.4 0.08199173711157344
-120.2 0.08185228150554845
-120 0.08327581944689358
-119.8 0.08313371122985237
-119.6 0.08299150728656919
-119.4 0.082849207668318
-119.2 0.08270681242757594
-119 0.08256432161813876
-118.8 0.08357357243854915
-118.6 0.0834296880852502
-118.4 0.08328570516505225
-118.2 0.08314162372762587
-118 0.08299744382408236
-117.8 0.08285316550660281
-117.6 0.08328719051207682
-117.4 0.08314255838546528
-117.2 0.08299782539455217
-117 0.08285299158113298
-116.8 0.08270805698781715
-116.6 0.08256302165870484
-116.4 0.08241788563928905
-116.2 0.08227264897594071
-116 0.08212731171675593
-115.8 0.08198187391083252
-115.6 0.08183633560870214
-115.4 0.08169069686213135
-115.2 0.08154495772422991
-115 0.08139911824948053
-114.8 0.08125317849390798
-114.6 0.08110713851439481
-114.4 0.08096099836965379
-114.2 0.08081475811952357
-114 0.08066841782550989
-113.8 0.08187125644736003
-113.6 0.0817229403257137
-113.4 0.08157452002928747
-113.2 0.0814259956141791
-113 0.0812773671386331
-112.8 0.081128634661639
-112.6 0.08097979824366457
-112.4 0.08083085794706611
-112.2 0.08068181383535498
-112 0.08053266597375526
-111.8 0.08038341442881988
-111.6 0.08023405926869273
-111.4 0.08008460056309709
-111.2 0.07993503838330604
-111 0.07978537280224368
-110.8 0.07963560389401539
-110.6 0.07948573173497246
-110.4 0.07933575640279004
-110.2 0.07918567797613164
-110 0.07903549653625211
-109.8 0.07888521216628026
-109.6 0.07873435882002422
-109.4 0.07858518208308735
-109.2 0.07843374231869152
-109 0.07828304708284169
-108.8 0.07813224935380092
-108.6 0.07959105085692075
-108.4 0.07943759818155066
-108.2 0.07928403750924588
-108 0.07913028085770996
-107.8 0.07897659250964154
-107.6 0.07882270835554951
-107.4 0.07966616176685312
-107.2 0.07951200405067084
-107 0.07935773671677952
-106.8 0.0792033598420488
-106.6 0.07971627541925891
-106.4 0.0795615793976536
-106.2 0.07940677155252854
-106 0.07925185194939556
-105.8 0.07909682065479219
-105.6 0.07894167773752958
-105.4 0.0787864232679272
-105.2 0.07863105731774993
-105 0.07847557996076149
-104.8 0.07831999127220826
-104.6 0.07816429132930264
-104.4 0.0780084802106497
-104.2 0.07785255799698902
-104 0.0776965247705747
-103.8 0.07754038061557836
-103.6 0.0773841256178781
-103.4 0.0772277598653449
-103.2 0.07707128344742462
-103 0.0769146964555883
-102.8 0.07675799898313676
-102.6 0.07660119112520165
-102.4 0.07644427297878466
-102.2 0.07628724464302833
-102 0.07613010621868262
-101.8 0.07597285780861888
-101.6 0.07581549951764655
-101.4 0.07565803145259453
-101.2 0.07550045372211173
-101 0.07534276643700574
-100.8 0.07518496971008677
-100.6 0.07502706365625632
-100.4 0.07486904839226001
-100.2 0.07471092403714129
-100 0.07641928254344085
-99.8 0.07625870310725594
-99.6 0.07609800780099489
-99.4 0.07593719672588067
-99.2 0.07577626998517431
-99 0.07561522768413141
-98.8 0.07545406993023891
-98.6 0.07529279683294945
-98.4 0.07513140850390568
-98.2 0.07496990505683683
-98 0.07480828660771507
-97.8 0.07464655327456488
-97.6 0.07448470517772658
-97.4 0.07432274243963524
-97.2 0.07416066518505014
-97 0.07399847354091904
-96.8 0.07383616763649134
-96.6 0.07367374760318322
-96.4 0.07351121357488848
-96.2 0.07334856568765794
-96 0.0731858040800241
-95.8 0.07302292889277921
-95.6 0.0728599402690842
-95.4 0.07269683835457573
-95.2 0.07253362329716088
-95 0.07237029524733547
-94.8 0.07220685435796943
-94.6 0.07204330078446801
-94.4 0.0718796346845127
-94.2 0.07171585621860246
-94 0.071551965549558
-93.8 0.07138796284278784
-93.6 0.0712238482662889
-93.4 0.07105962199077455
-93.2 0.07089528418927779
-93 0.07073083503772727
-92.8 0.0705662747145556
-92.6 0.07040160340087136
-92.4 0.07023682128058739
-92.2 0.07007192854025247
-92 0.06990692536908046
-91.8 0.06974181195928078
-91.6 0.06957658850532834
-91.4 0.06941125520526815
-91.2 0.06924581225915695
-91 0.06908025987006199
-90.8 0.06891459824554379
-90.6 0.06874882759233614
-90.4 0.06858294812393573
-90.2 0.06841667331670313
-90 0.06825104627483418
-89.8 0.06808465898747067
-89.6 0.06791834643459609
-89.4 0.06867079487566209
-89.2 0.0685041034090799
-89 0.06833729940443457
-88.8 0.06817038304681133
-88.6 0.06800335452451844
-88.4 0.06783621402786554
-88.2 0.06766896175042782
-88 0.0675015978882912
-87.8 0.06733412264019496
-87.6 0.0671665362078737
-87.4 0.06699883879572427
-87.2 0.06683103061097563
-87 0.06666311186366784
-86.8 0.06649508276685911
-86.6 0.06632694353628571
-86.4 0.0661586943906944
-86.2 0.06599033555166557
-86 0.06582186724391322
-85.8 0.06565328969491496
-85.6 0.06548460313519079
-85.4 0.0653158077984722
-85.2 0.06514690392112432
-85 0.06497789174292394
-84.8 0.06480877150650947
-84.6 0.06463954345779
-84.4 0.06447020784559253
-84.2 0.06430076492208052
-84 0.06413121494245104
-83.8 0.06396155816512065
-83.6 0.06379179485182196
-83.4 0.06362192526732563
-83.2 0.06345194967989397
-83 0.06328186836082639
-82.8 0.06311168158491627
-82.6 0.06294138963019591
-82.4 0.06277099277808423
-82.2 0.06260049131335214
-82 0.06242988552423918
-81.8 0.062259175702247545
-81.6 0.06208836214257767
-81.4 0.061917445143654576
-81.2 0.06174642500755714
-81 0.06157530203987574
-80.8 0.06140407654967463
-80.6 0.0612327488496825
-80.4 0.06106131925614654
-80.2 0.06088978808901167
-80 0.060718155671871804
-79.8 0.060546422331962155
-79.6 0.06037458840018169
-79.4 0.06020265421127324
-79.2 0.060030620103699764
-79 0.05985848641962336
-78.8 0.059686253505159846
-78.6 0.059513921710200805
-78.4 0.05934149138844233
-78.2 0.059168962897583284
-78 0.05899633659917388
-77.8 0.058823612858763946
-77.6 0.058650792045869475
-77.4 0.058477874534044086
-77.2 0.058304860700727906
-77 0.058131750927691545
-76.8 0.05795854560055924
-76.6 0.05778524510926927
-76.4 0.05761184984781466
-76.2 0.05743836021448009
-76 0.057264776611556836
-75.8 0.05709109944576721
-75.6 0.05691732912812416
-75.4 0.05674346607388044
-75.2 0.05656951070266961
-75 0.05639546343845912
-74.8 0.05622132470969204
-74.6 0.05604709494938645
-74.4 0.05587277459476056
-74.2 0.05569836408718402
-74 0.05552386387411703
-73.8 0.05534927440569227
-73.6 0.055174596137755355
-73.4 0.05499982953067172
-73.2 0.054824975049288314
-73 0.054650033163369756
-72.8 0.054475004347209206
-72.6 0.054299889080105336
-72.4 0.05412468784608028
-72.2 0.05394940113415995
-72 0.053774029438009734
-71.8 0.053598573256724916
-71.6 0.053423033093852094
-71.4 0.053247409458396705
-71.2 0.05307170286410368
-71 0.05289591383002047
-70.8 0.05272004288043261
-70.6 0.0525440905446198
-70.4 0.0523680573572336
-70.2 0.052191943858042454
-70 0.052015750592339635
-69.8 0.051839478110921614
-69.6 0.05166312696949733
-69.4 0.05148669772964602
-69.2 0.051310190958604125
-69 0.05113360722848051
-68.8 0.05095694711768889
-68.6 0.050780211210013505
-68.4 0.05060340009492164
-68.2 0.050426514367790984
-68 0.05024955462948837
-67.8 0.05007252148729231
-67.6 0.04989541555429078
-67.4 0.04971823744819323
-67.2 0.04954080977988337
-67 0.04936427172282602
-66.8 0.049186276374366705
-66.6 0.04900881588853371
-66.4 0.04883128641563722
-66.2 0.048653688611462555
-66 0.04847602313837809
-65.8 0.04829829066499733
-65.6 0.04812049186638139
-65.4 0.04794262742413573
-65.2 0.047764698026403
-65 0.04758670436803753
-64.8 0.04740864715085949
-64.6 0.0472305270835116
-64.4 0.047052344881135015
-64.2 0.04687410126603486
-64 0.046695796967725
-63.8 0.046517432722378356
-63.6 0.04633915877840962
-63.4 0.046160527373600276
-63.2 0.04598198777874925
-63 0.0458033912553427
-62.8 0.045624738576486634
-62.6 0.045446030522834024
-62.4 0.045267267882582445
-62.2 0.04508845145170246
-62 0.04490958203406106
-61.8 0.04473066044157757
-61.6 0.04455168749355544
-61.4 0.044372664017984995
-61.2 0.04419359085077665
-61 0.04401446883611076
-60.8 0.0438352988264479
-60.6 0.043656081682955324
-60.4 0.04347681827487895
-60.2 0.04329750948066495
-60 0.04311815618711817
-59.8 0.04293875929007179
-59.6 0.04275931969408526
-59.4 0.04257983831290246
-59.2 0.042400778510241675
-59 0.042220753897096334
-58.8 0.04204115273606784
-58.6 0.041861513538079244
-58.4 0.0416821162880551
-58.2 0.041502124883276564
-58 0.04132237737779013
-57.8 0.04114259573712922
-57.6 0.04096278096180715
-57.4 0.04078293406282625
-57.2 0.040603056061056325
-57 0.0404231479881429
-56.8 0.04024321088637337
-56.6 0.04006324580888388
-56.4 0.039883253819491246
-56.2 0.0397032359930246
-56 0.03952319341590165
-55.8 0.03934312718574287
-55.6 0.039163038411589385
-55.4 0.03898292821362095
-55.2 0.038802797725625296
-55 0.03862264809086217
-54.8 0.038442345606389615
-54.6 0.03826233300429078
-54.4 0.038082304291991234
-54.2 0.03790188140585102
-54 0.037721653636870085
-53.8 0.037541413848778495
-53.6 0.03736116327475207
-53.4 0.037180903161106074
-53.2 0.03700063476723397
-53 0.036820359366948004
-52.8 0.036640078247223026
-52.6 0.03645979270974004
-52.4 0.0362795040700842
-52.2 0.036099213658523324
-52 0.03591892281986019
-51.8 0.0357386329138842
-51.6 0.03555834531530641
-51.4 0.03537806141443158
-51.2 0.03519778261694444
-51 0.03501751034412234
-50.8 0.03483724603351455
-50.6 0.034656991138567204
-50.4 0.03447674712938007
-50.2 0.03429651549259346
-50 0.03411629773174081
-49.8 0.03393609536754731
-49.6 0.03375590993808078
-49.4 0.03357574299902014
-49.2 0.033395596123967
-49 0.03321547090468248
-48.8 0.03303536895108104
-48.6 0.032855291892143694
-48.4 0.032675241375428786
-48.2 0.032495219067909496
-48 0.032315226655823176
-47.8 0.03213526584536405
-47.6 0.031955338362585156
-47.4 0.031775445954003674
-47.2 0.03159559038660468
-47 0.03141589559016717
-46.8 0.03123599694843282
-46.6 0.031056262717509348
-46.4 0.030876572607999735
-46.2 0.030696928494539016
-46 0.030517332274092104
-45.8 0.03033778586649217
-45.6 0.030158291214570292
-45.4 0.029978850284591924
-45.2 0.029799465066563287
-45 0.02962013757454481
-44.8 0.02944086984705006
-44.6 0.029261663947300003
-44.4 0.029082521963658743
-44.2 0.02890344600995419
-44 0.028724438225770508
-43.8 0.02854550077697677
-43.6 0.028366635855888833
-43.4 0.028187845681804474
-43.2 0.02800913250128775
-43 0.027830498588550134
-42.8 0.02765194624590817
-42.6 0.027473477804063638
-42.4 0.027295095622597347
-42.2 0.027116802090294493
-42 0.02693859962559841
-41.8 0.026760490676967404
-41.6 0.026582477723292794
-41.4 0.026404563274366685
-41.2 0.026226749871238395
-41 0.026049040086687195
-40.8 0.025871436525578315
-40.6 0.02569394182538179
-40.4 0.02551655865657315
-40.2 0.025339289723064137
-40 0.025162137762626723
-39.8 0.024985105547406065
-39.6 0.024808195884348853
-39.4 0.024631411615638952
-39.2 0.024454755619184136
-39 0.02427823080910893
-38.8 0.024101840136115656
-38.6 0.023925586588155627
-38.4 0.023749473190754652
-38.2 0.023573503007545266
-38 0.02339767914074782
-37.8 0.023222004731708882
-37.6 0.023046482961397826
-37.4 0.022871117050824175
-37.2 0.022695910261721495
-37 0.022520865896776984
-36.8 0.022345987300568956
-36.6 0.022171277859602895
-36.4 0.02199674100341029
-36.2 0.021822380204508735
-36 0.021648402876833114
-35.8 0.021474200888001557
-35.6 0.021300389536855768
-35.4 0.021126768576677914
-35.2 0.020953341704488527
-35 0.020780112663881304
-34.8 0.02060708524550306
-34.6 0.020434263287809232
-34.4 0.020261650677509898
-34.2 0.020089251350229702
-34 0.019917069290980742
-33.8 0.019745108534893478
-33.6 0.019573373167818736
-33.4 0.019401867326749762
-33.2 0.019230595200708363
-33 0.019059561031179652
-32.8 0.01888876911279284
-32.6 0.018718223793932964
-32.4 0.018547929477450067
-32.2 0.018377890621202805
-32 0.018208111738803313
-31.8 0.01803859740021188
-31.6 0.017869352232438962
-31.4 0.01770038092019223
-31.2 0.017531688206581558
-31 0.017363278893793768
-30.8 0.017195157843782234
-30.6 0.01702732997893867
-30.4 0.016859800282899393
-30.2 0.01669257380111355
-30 0.01652565564175392
-29.8 0.01635905097624668
-29.6 0.016192765040165688
-29.4 0.01602680313389641
-29.2 0.015861170623471713
-29 0.015695872941239388
-28.8 0.015530915586697558
-28.6 0.01536630412733983
-28.4 0.015202044199266006
-28.2 0.015038141508215634
-28 0.014874601830190499
-27.8 0.014711431012411763
-27.6 0.01454863497406987
-27.4 0.014386219707190971
-27.2 0.014224191277546835
-27 0.014062555825433103
-26.8 0.013901319566648113
-26.6 0.013740488793277382
-26.4 0.013580069874661026
-26.2 0.013420069258335771
-26 0.013260493470802917
-25.8 0.013101349118768467
-25.6 0.012942642889752482
-25.4 0.012784381553295834
-25.2 0.01262657196181261
-25 0.012469221051647269
-24.8 0.012312335844107448
-24.6 0.012155923446314866
-24.4 0.01199999105248967
-24.2 0.011844545944768416
-24 0.011689595494449147
-23.8 0.011535147162926938
-23.6 0.01138120850283347
-23.4 0.011227787159298662
-23.2 0.011074890870696632
-23 0.010922527470324123
-22.8 0.010770704886981236
-22.6 0.010619431146662585
-22.4 0.010468714373360924
-22.2 0.010318562790430424
-22 0.010168984721789657
-21.8 0.010019910352135687
-21.6 0.009871624022964837
-21.4 0.009723776375939793
-21.2 0.009576577659119434
-21 0.00942999562881733
-20.8 0.009284039239078444
-20.6 0.009138717553536043
-20.4 0.00899403974661771
-20.2 0.008850015105235176
-20 0.0087066530300433
-19.8 0.008563963036712741
-19.6 0.008421954757639556
-19.4 0.00828063794309649
-19.2 0.00814002246295712
-19 0.00800011830799615
-18.8 0.007860935591466904
-18.6 0.0077224845505894325
-18.4 0.007584775548126167
-18.2 0.007447819073816152
-18 0.00731162574625275
-17.8 0.007176206313979874
-17.6 0.00704157165757026
-17.4 0.006907732790918508
-17.2 0.006774700863099605
-17 0.006642487159824507
-16.8 0.006511103105328626
-16.6 0.006380560263886725
-16.4 0.006250870341621871
-16.2 0.006122045188189522
-16 0.005994096798508898
-15.8 0.005867037314599786
-15.6 0.005740879027274755
-15.4 0.005615634377993051
-15.2 0.005491315960673106
-15 0.005367936523525136
-14.8 0.00524550897089234
-14.6 0.005124046365213753
-14.4 0.005003561928764873
-14.2 0.004884069045820574
-14 0.0047655812643608506
-13.8 0.0046481122982395895
-13.6 0.004531676029066442
-13.4 0.004416286508282724
-13.2 0.00430195795928144
-13 0.004188704779368652
-12.8 0.004076541542026336
-12.6 0.00396548299898786
-12.4 0.0038555440825048595
-12.2 0.0037467399074998667
-12 0.0036390857740092736
-11.8 0.0035325971694077918
-11.6 0.0034272897707956756
-11.4 0.0033231794475200387
-11.2 0.0032202822636552258
-11 0.0031186144806700632
-10.8 0.0030181925596900407
-10.6 0.0029190168547791042
-10.4 0.0028211754695770487
-10.2 0.0027245696408305453
-10 0.002629299878562029
-9.8 0.0025353613832511043
-9.6 0.0024427718765454836
-9.4 0.002351549301003586
-9.2 0.0022617118241239024
-9 0.002173241356841127
-8.8 0.0020862659797856804
-8.6 0.0020006951032966376
-8.4 0.0019165843149376227
-8.2 0.0018339532209809576
-8 0.0017528206424564836
-7.8 0.001673207205091459
-7.6 0.0015951327590214889
-7.4 0.001518617676726974
-7.2 0.0014436825999109796
-7 0.0013703484453720654
-6.8 0.001298636410945229
-6.6 0.0012285679820469085
-6.4 0.001160164938319535
-6.2 0.0010934493608352374
-6 0.0010284436395246632
-5.8 0.000965170481175646
-5.6 0.0009036529177637777
-5.4 0.0008439143152836454
-5.2 0.0007859783830890438
-5 0.0007298691837409367
-4.8 0.0006756111433350299
-4.6 0.0006232290626108144
-4.4 0.0005727481283929613
-4.2 0.0005241939258615849
-4 0.00047759245154066005
-3.8 0.0004329437524801558
-3.6 0.0003903732998333619
-3.4 0.00034977082173284085
-3.2 0.0003112489413442179
-3 0.00027481644254310925
-2.8 0.00024050210172505882
-2.6 0.0002083352183066122
-2.4 0.00017834563414043935
-2.2 0.00015056375391412158
-2 0.00012502056651082658
-1.8 0.00010174766739200539
-1.6 0.00008077728200235756
-1.4 0.00006214229023081725
-1.2 0.000045876251930867165
-1 0.00003201343352111697
-0.8 0.000020588835651389168
-0.6 0.000011638221951745946
-0.4 0.00000519814884091568
-0.2 0.0000013059963738314524
0 0.00000000000010391430217254328
0.2 0.000001319283914556904
0.4 0.000005303893767343891
0.6 0.000011994832294614864
0.8 0.000021434094156337365
1 0.00003366470205529051
1.2 0.00004873074329310881
1.4 0.00006667740670792871
1.6 0.00008755101986285507
1.8 0.00011139908626677085
2 0.00013827032240625064
2.2 0.00016821469438307347
2.4 0.00020128345385108748
2.6 0.00023752917297204302
2.8 0.00027700577806235666
3 0.00031976858155603966
3.2 0.00036587431192668763
3.4 0.00041538114115868596
3.6 0.00046834870928453973
3.8 0.0005248381455903859
4 0.0005849120860699559
4.2 0.000648644875879919
4.4 0.0007160723568583843
4.6 0.0007872809482444883
4.8 0.0008623393935457003
5 0.0009413483167919903
5.2 0.0010243007119413684
5.4 0.0011113773390739013
5.6 0.0012025649525036599
5.8 0.0012979690045545843
6 0.0013976670089413756
6.2 0.001501737812396878
6.4 0.001610261541235334
6.6 0.0017233195431547975
6.8 0.001840994324799501
7 0.001963369486491168
7.2 0.0020905296556897367
7.4 0.0022225604206958893
7.6 0.0023595482667199057
7.8 0.002501580516286631
8 0.0026487452765788307
8.2 0.002801131395680368
8.4 0.0029588284303605893
8.6 0.003121926627370626
8.8 0.0032905169200901857
9 0.003464690941859203
9.2 0.0036445410563513037
9.4 0.003830160404614726
9.6 0.0040216429668239444
9.8 0.004219083635237798
10 0.004422578292996971
10.2 0.004632223890900341
10.4 0.004848118511962235
10.6 0.005070361410419458
10.8 0.005299053009197311
11 0.005534294836451733
11.2 0.005776189379081048
11.4 0.006024839828485919
11.6 0.006280349691812666
11.8 0.0065428222410782114
12 0.006812359772827878
12.2 0.0070890626535049005
12.4 0.00737302812992199
12.6 0.007664348891619098
12.8 0.00796311138213462
13 0.008269393869391357
13.2 0.008583264301879232
13.4 0.008904777995926087
13.6 0.009233975219634528
13.8 0.009570878759743027
14 0.009915491575640357
14.2 0.010267794660221475
14.4 0.010627755977907901
14.6 0.010995227093059917
14.8 0.011370291408315405
15 0.011752673509111227
15.2 0.012142276681725232
15.4 0.012538932034893152
15.6 0.012942449008545994
15.8 0.013352618266507485
16 0.01376921518378048
16.2 0.014192003790455852
16.4 0.014620741008047528
16.6 0.015055181002890154
16.8 0.015495079480949133
17 0.01594019776262571
17.2 0.01639030649816954
17.4 0.016845188916092928
17.6 0.017304660220683388
17.8 0.017768486258672476
18 0.018236551969670566
18.2 0.01870869543450762
18.4 0.01918479176810595
18.6 0.019664736391276565
18.8 0.020148444588159693
19 0.02063585072869092
19.2 0.021126907226598157
19.4 0.021621583299183348
19.6 0.02211986359014269
19.8 0.022621746708111578
20 0.02312724372652186
20.2 0.02363637668184018
20.4 0.024149177099716073
20.6 0.02466568457184419
20.8 0.025185945400203986
21 0.02571001132025738
21.2 0.026237938310644162
21.4 0.026769785493368763
21.6 0.027305614126277463
21.8 0.027845486687507106
22 0.02838946604994152
22.2 0.02893761474362678
22.4 0.029489994302599028
22.6 0.030046664692762935
22.8 0.030607639709159654
23 0.03117310709588482
23.2 0.031742987113403086
23.4 0.03231737333677556
23.6 0.03289631189305228
23.8 0.03347984540845636
24 0.034068012903124265
24.2 0.034660849738766285
24.4 0.03525838761571054
24.6 0.03586065461568253
24.8 0.03646767528711477
25 0.037079470768480755
25.2 0.03769605894624972
25.4 0.03831745464596744
25.6 0.03894366984531891
25.8 0.03957471391529282
26 0.040210593877635994
26.2 0.04085158107933008
26.4 0.041496879467150964
26.6 0.042147289899156434
26.8 0.04280254642024382
27 0.04346264856862388
27.2 0.04412759526781166
27.4 0.044797385115777986
27.6 0.045472016666743525
27.8 0.04615148870352545
28 0.04683580049890818
28.2 0.04752495206445802
28.4 0.04821894438621645
28.6 0.04891777964600449
28.8 0.049621461428462084
29 0.050329994913573685
29.2 0.051043387054570157
29.4 0.05176164674207617
29.6 0.052484784954479585
29.8 0.05321281489552507
30 0.053945752119705134
30.2 0.054683614646352435
30.4 0.055426423063071474
30.6 0.05617420061958616
30.8 0.05692697331236532
31 0.05768476996109109
31.2 0.05844762227726135
31.4 0.05921556492554798
31.6 0.05998863557804526
31.8 0.06076687496196655
32 0.061550326900353065
32.2 0.06233903834600114
32.4 0.0631330594083565
32.6 0.06393244337267584
32.8 0.06473724671136744
33 0.06554752908649149
33.2 0.06636335334282174
33.4 0.0671847854907367
33.6 0.06801185464947115
33.8 0.06884475314871485
34 0.06968343619118392
34.2 0.07052802206923786
34.4 0.07137859194059139
34.6 0.07223522975890573
34.8 0.07309802215908326
35 0.07396705832573881
35.2 0.07484242984383617
35.4 0.07572423053096634
35.6 0.0766125562481307
35.8 0.07709928731831124
36 0.07795334511720448
36.2 0.07881477518376416
36.4 0.07968367633374634
36.6 0.08056014804093152
36.8 0.08144429015579192
37 0.08233620260815859
37.2 0.0832359850967057
37.4 0.0841437367666096
37.6 0.0849492059220794
37.8 0.08587520191694464
38 0.08496982804464599
38.2 0.08593725746876255
38.4 0.08691294526210844
38.6 0.08789698242997483
38.8 0.08885498989187847
39 0.08985813783372225
39.2 0.0898914845712315
39.4 0.09079897258213503
39.6 0.09171646637942124
39.8 0.09264403858682467
40 0.0935817563422199
40.2 0.09452968115355567
40.4 0.09370305090146737
40.6 0.094705620419421
40.8 0.09571878252158625
41 0.09480688599139885
41.2 0.0958630920812173
41.4 0.09692915855322072
41.6 0.09800511205749954
41.8 0.0989181924071
42 0.10001649232624345
42.2 0.10032165962319006
42.4 0.10139785682205743
42.6 0.10248445533935832
42.8 0.10358145426318956
43 0.1046888501453532
43.2 0.10580663752367384
43.4 0.10693480946447212
43.6 0.10595415752851584
43.8 0.10712533244106827
44 0.10830674292330292
44.2 0.10949838178549777
44.4 0.11043460890552086
44.6 0.11164953504251558
44.8 0.1128747391278534
45 0.11411022053143606
45.2 0.11535598182186585
45.4 0.11661202910585552
45.6 0.11787837230370973
45.8 0.11915459261518906
46 0.12044200634216949
46.2 0.12173933754767147
46.4 0.12304704540529851
46.6 0.12436516037807997
46.8 0.12569371673933447
47 0.12703275226315155
47.2 0.12838230782498433
47.4 0.12974242691374568
47.6 0.13111315506076637
47.8 0.1324945391906684
48 0.13388662690299344
48.2 0.13528946569461223
48.4 0.13670318613115895
48.6 0.1381275935785466
48.8 0.13956288521466878
49 0.14100923092268636
49.2 0.14191456919114284
49.4 0.14331662002315387
49.6 0.14473027855427495
49.8 0.14337925812942798
50 0.14479515775314714
50.2 0.1443121551163874
50.4 0.14578614221488773
50.6 0.14718264153638858
50.8 0.14495891498444594
51 0.14641528004880386
51.2 0.1478839012236267
51.4 0.1493647243367146
51.6 0.14737137204949707
51.8 0.14881353032516703
52 0.15037459325085611
52.2 0.15194748794805496
52.4 0.15353211081016763
52.6 0.15442771466545088
52.8 0.15597203224100054
53 0.15652141281289053
53.2 0.1580403985260448
53.4 0.15745284405409954
53.6 0.15903026444798063
53.8 0.15774382365070522
54 0.15937652750420955
54.2 0.16004768741142514
54.4 0.16124814254202452
54.6 0.1628694745053019
54.8 0.1645025132749905
55 0.16357024519918584
55.2 0.16525514925186582
55.4 0.16649466835231644
55.6 0.16771181861501222
55.8 0.16753651560617502
56 0.1692489085898462
56.2 0.17095100987455447
56.4 0.1726646432301517
56.6 0.1743897398403114
56.8 0.17612623897743226
57 0.17787408818412306
57.2 0.17963324329709196
57.4 0.18140381146655
57.6 0.18318533501163883
57.8 0.1849782225549111
58 0.18678231668281034
58.2 0.18810705789637938
58.4 0.18983037741553616
58.6 0.18981218900051328
58.8 0.19163172676290027
59 0.1934494069476314
59.2 0.19527889290428954
59.4 0.1961175383000126
59.6 0.1974175304576029
59.8 0.1985847625034131
60 0.19767549789670008
60.2 0.19580739396064042
60.4 0.19754918525371437
60.6 0.19895975814164282
60.8 0.200789593540647
61 0.20263292148960965
61.2 0.2044895092977912
61.4 0.2063592081364697
61.6 0.2082418477797848
61.8 0.210137237779144
62 0.20972902894216833
62.2 0.2116409963480923
62.4 0.21356508298338966
62.6 0.21550106615486245
62.8 0.2174485980025483
63 0.21940749765751727
63.2 0.2213774632136117
63.4 0.21860406900991292
63.6 0.22059067816315672
63.8 0.22258481626176993
64 0.2245855711116875
64.2 0.22659278338251188
64.4 0.22860580588987778
64.6 0.22694254582408724
64.8 0.228968124642791
65 0.23099921234529175
65.2 0.2330353012319845
65.4 0.23507587948657585
65.6 0.23237725079575133
65.8 0.23441036660269088
66 0.2364452804205235
66.2 0.23848138014264653
66.4 0.22687369627374454
66.6 0.22884417582757255
66.8 0.22781780549926461
67 0.22820820093658006
67.2 0.22685579481480916
67.4 0.221203970605585
67.6 0.22320035840045546
67.8 0.22519735293005233
68 0.22719450542447595
68.2 0.22919136435592002
68.4 0.2258704296442385
68.6 0.22786614379327252
68.8 0.2298606953333216
69 0.23058315038979277
69.2 0.23257654173261222
69.4 0.23456739873230378
69.6 0.23555960366261558
69.8 0.23746959988863794
70 0.2369949466486972
70.2 0.2376085107587713
70.4 0.2394743483845701
70.6 0.2413362612240842
70.8 0.2410312820132227
71 0.24253293367903625
71.2 0.24442949366342728
71.4 0.2463206923826407
71.6 0.24820615017307962
71.8 0.2500855137394952
72 0.2519584585910921
72.2 0.25085482824544897
72.4 0.25032674290752605
72.6 0.24187935752802514
72.8 0.24350879100655995
73 0.24148798306907393
73.2 0.24326457287245526
73.4 0.24051264074126885
73.6 0.23368804669037382
73.8 0.22815430009513937
74 0.22989523769779538
74.2 0.2316347552381521
74.4 0.23337384437843176
74.6 0.22481385552224573
74.8 0.2265618462051838
75 0.22526683790161228
75.2 0.22136118159481616
75.4 0.21995809330279303
75.6 0.219268251873164
75.8 0.22119269688896273
76 0.22060386153946543
76.2 0.22125687670862895
76.4 0.22131426078061794
76.6 0.2187367439876061
76.8 0.21525555124594767
77 0.21791982084841677
77.2 0.21766284641338896
77.4 0.21920202443230022
77.6 0.2176660729396437
77.8 0.21831776329811337
78 0.2199185792948724
78.2 0.22117733692635702
78.4 0.22248648277956334
78.6 0.22383400909511073
78.8 0.22225604422884918
79 0.2209924934057192
79.2 0.21321429782904477
79.4 0.21081203646203958
79.6 0.21220206146587922
79.8 0.21039463676266304
80 0.20771453213381758
80.2 0.20443280692086296
80.4 0.2006805890160456
80.6 0.2021108102706395
80.8 0.20355365872485787
81 0.20500849691416848
81.2 0.20558683597436864
81.4 0.20695292605032914
81.6 0.20559962256914027
81.8 0.2065658780578265
82 0.20802823135851783
82.2 0.20950139776097182
82.4 0.21098509695422374
82.6 0.21247910128808736
82.8 0.21270006919176226
83 0.21421580590968944
83.2 0.21574162271501784
83.4 0.21727759385257334
83.6 0.21882389774038924
83.8 0.22038082925405394
84 0.22194881130690575
84.2 0.2155888860308995
84.4 0.21517901084652347
84.6 0.2167677020594806
84.8 0.21563023840662765
85 0.21552702666863718
85.2 0.21716579700670538
85.4 0.21788561858543884
85.6 0.21482949953909006
85.8 0.2042646768295136
86 0.205384548169103
86.2 0.20172455020361188
86.4 0.2020390341999834
86.6 0.2037472681498593
86.8 0.2047222332394752
87 0.20645201621319276
87.2 0.20783566697410674
87.4 0.2095874889068953
87.6 0.20564992434532778
87.8 0.2074011553453852
88 0.20513240977803637
88.2 0.20690326350606422
88.4 0.2086847411159879
88.6 0.21047598955065466
88.8 0.21015546467750962
89 0.21185650078436036
89.2 0.2096741476329008
89.4 0.21146530495576196
89.6 0.21326866531968622
89.8 0.2150845200794523
90 0.21691253047904116
90.2 0.21583583177527896
90.4 0.21769110926385546
90.6 0.21956116478507692
90.8 0.22015605633792454
91 0.22195991967537132
91.2 0.21947945188467513
91.4 0.22140324029779293
91.6 0.22337639148367142
91.8 0.2244402312418002
92 0.22073518645256102
92.2 0.20978332976495193
92.4 0.2085473174544412
92.6 0.2045817797378064
92.8 0.20640827915616872
93 0.20824560921098936
93.2 0.2100932913925684
93.4 0.21195083652267174
93.6 0.2138177444913661
93.8 0.21048646537787036
94 0.21237414818583128
94.2 0.21426972538177255
94.4 0.21617264627478325
94.6 0.2173598747509999
94.8 0.21928185474168616
95 0.2211989685787407
95.2 0.2229981919795778
95.4 0.224943719426129
95.6 0.22689303870182476
95.8 0.2288454897401115
96 0.2308003987392854
96.2 0.23187800758663035
96.4 0.23384058750199468
96.6 0.23580354684998095
96.8 0.23776617198822547
97 0.2397278791125308
97.2 0.24159065807126232
97.4 0.2436781278727954
97.6 0.2456403715493136
97.8 0.24767039516964376
98 0.24962949734475348
98.2 0.25158338835723804
98.4 0.25353162113326455
98.6 0.25319182858016154
98.8 0.2550536065453416
99 0.25170497636524536
99.2 0.24575138044041675
99.4 0.24763860514213512
99.6 0.2495210367057799
99.8 0.24623681120021954
100 0.24187970553659088
100.2 0.22919650712805914
100.4 0.22995921905071529
100.6 0.22541174845486042
100.8 0.22408924926668675
101 0.2258952101892061
101.2 0.22770719096760172
101.4 0.22952546577700728
101.6 0.2313504029831216
101.8 0.23318246479438418
102 0.23502220396032641
102.2 0.22923698399492282
102.4 0.2251828352189136
102.6 0.2268442011196157
102.8 0.2206853214967679
103 0.21740369901874085
103.2 0.2191802689326319
103.4 0.22097447145719587
103.6 0.22278656565263172
103.8 0.22461652539594762
104 0.21851293733949326
104.2 0.2203688433229445
104.4 0.22224037248360687
104.6 0.2226144894579756
104.8 0.22228507441568038
105 0.22409721030473875
105.2 0.21748416527873407
105.4 0.21670292364204613
105.6 0.2185824341435979
105.8 0.22045424788058582
106 0.22231352711548652
106.2 0.2241557620409004
106.4 0.225976900930627
106.6 0.22751476134927698
106.8 0.22928764133729168
107 0.23103049890010963
107.2 0.23274146717562447
107.4 0.23441915422516363
107.6 0.23606258394418536
107.8 0.23734210087757288
108 0.23892232138601038
108.2 0.2375794598427665
108.4 0.23211452555122897
108.6 0.22630199978907273
108.8 0.22771532301258954
109 0.2290988973264731
109.2 0.22884581264407178
109.4 0.2301724144320594
109.6 0.23147018883409629
109.8 0.2327394657269386
110 0.23398057324310742
110.2 0.23519383321787607
110.4 0.2363795578476531
110.6 0.23753804707961174
110.8 0.2365881392017296
111 0.23759125666656847
111.2 0.2330211143106125
111.4 0.23163617821582913
111.6 0.2326250265688034
111.8 0.2335755205349193
112 0.23452130646038843
112.2 0.23499671957442866
112.4 0.22670180306284085
112.6 0.21858080241274333
112.8 0.21230331997330318
113 0.20446976289147548
113.2 0.205184318231426
113.4 0.20059395320456708
113.6 0.18875132548244508
113.8 0.1765214837858516
114 0.1707346141321352
114.2 0.16522064643026227
114.4 0.16577213870778915
114.6 0.1663083743259736
114.8 0.1667217638144026
115 0.16360128589436593
115.2 0.15495517627514038
115.4 0.13738348689939256
115.6 0.1325109749228112
115.8 0.12505347962445235
116 0.12276115731602988
116.2 0.12312840506017979
116.4 0.12349362875827442
116.6 0.12385681496892502
116.8 0.12421795527005386
117 0.12457704656945584
117.2 0.1249340914074448
117.4 0.12528909824766826
117.6 0.12564208175056535
117.8 0.12599306302221738
118 0.12634206983273333
118.2 0.12668913679769486
118.4 0.12703430551610387
118.6 0.12737762465664537
118.8 0.12771914998813585
119 0.1280589443478159
119.2 0.12839707754208726
119.4 0.12873362617649323
119.6 0.11976252909092258
119.8 0.11606560846533262
120 0.11015157108798433
120.2 0.11044336129206497
120.4 0.1100462760533197
120.6 0.11033651640756657
120.8 0.11062658747836375
121 0.11091648847369225
121.2 0.11120621877157975
121.4 0.11149577791942875
121.6 0.1117851656321196
121.8 0.11207438178993248
122 0.11144443484783872
122.2 0.1117332864825575
122.4 0.11202196950098298
122.6 0.11231048442023779
122.8 0.1125988319128334
123 0.1128870128029875
123.2 0.11317502806352395
123.4 0.11331441668891952
123.6 0.11360215119468636
123.8 0.11388972482231037
124 0.1141771391128736
124.2 0.11446439573898291
124.4 0.11468975760440353
124.6 0.11497704408495525
124.8 0.10898404354423213
125 0.10924750133571255
125.2 0.10951084652721699
125.4 0.10787996234009116
125.6 0.10444871171028534
125.8 0.10470402916171873
126 0.10495978197174628
126.2 0.10521548312986963
126.4 0.10475454166739985
126.6 0.10471082890238893
126.8 0.1049651336144683
127 0.10521954611738514
127.2 0.10547406499512733
127.4 0.10572868883794927
127.6 0.10598341624594462
127.8 0.1062382458259401
128 0.10649317619320357
128.2 0.10674820597129686
128.4 0.10700333379216935
128.6 0.10725855829662592
128.8 0.10725326917361112
129 0.10750867450950226
129.2 0.1077641743975255
129.4 0.10780468277874064
129.6 0.10736736348575934
129.8 0.10762217328938638
130 0.1077027840360769
130.2 0.10795778157121522
130.4 0.10821287569590582
130.6 0.10846806512538898
130.8 0.10854330008040451
131 0.10879874196374206
131.2 0.10905427694750973
131.4 0.10930990378089026
131.6 0.10956562122358361
131.8 0.1098214280461479
132 0.11007732302992677
132.2 0.11033330496720463
132.4 0.11058937266112724
132.6 0.11084552492614902
132.8 0.11108347882893889
133 0.11118570242257393
133.2 0.11144145258533027
133.4 0.11169728502122507
133.6 0.11169351204414217
133.8 0.11194840532812671
134 0.11220337763099061
134.2 0.11245842785564433
134.4 0.1127135549171914
134.6 0.11296875774234443
134.8 0.11092471774713968
135 0.11118026595694064
135.2 0.11122722587534521
135.4 0.11148329445248104
135.6 0.11164105548173726
135.8 0.11189744177042779
136 0.11215390308134676
136.2 0.11204348405484692
136.4 0.11230047763696267
136.6 0.11255754503372116
136.8 0.11271328584968257
137 0.11297098589961338
137.2 0.11322875859583999
137.4 0.11348660299518547
137.6 0.11374451816758745
137.8 0.11400250319562305
138 0.1142605571753396
138.2 0.11451867921538175
138.4 0.11405243223581724
138.6 0.11431115570946443
138.8 0.11456994768335343
139 0.11482880730652634
139.2 0.11508773374091964
139.4 0.11534672616163988
139.6 0.11559992874031165
139.8 0.11585918008311785
140 0.11621435087631989
140.2 0.11647420610510208
140.4 0.11673412453139843
140.6 0.11542114027738676
140.8 0.11568148830152655
141 0.11594190131169455
141.2 0.11614269154312458
141.4 0.11640415917466589
141.6 0.11666569221989491
141.8 0.1169272899817267
142 0.11718895177626805
142.2 0.11745067693263989
142.4 0.11728685644982587
142.6 0.117549384312536
142.8 0.11748770373924697
143 0.11775030490053633
143.2 0.11801297026660848
143.4 0.11827569923292125
143.6 0.11446462605928158
143.8 0.1147170726294911
144 0.11496958607285594
144.2 0.11365573365320868
144.4 0.11390491238627336
144.6 0.1141541579992489
144.8 0.11440347001467034
145 0.11465284796666922
145.2 0.1150452872671272
145.4 0.11529554374274793
145.6 0.11554586595025597
145.8 0.11579625346714784
146 0.11438095939853068
146.2 0.11468212476681246
146.4 0.11321913566256626
146.6 0.11346497824376357
146.8 0.10768033026607243
147 0.10732740096683495
147.2 0.10699381055779494
147.4 0.10722427336137302
147.6 0.10738839163752224
147.8 0.1076191931998453
148 0.10785010269498253
148.2 0.1080811196750723
148.4 0.10852133353545176
148.6 0.10600498218821498
148.8 0.10541612661820912
149 0.10511622375843578
149.2 0.10534359380184245
149.4 0.10551401715256621
149.6 0.10574208779882699
149.8 0.10598774835866337
150 0.10621655644785868
150.2 0.10644553399440775
150.4 0.10667468056596505
150.6 0.10690399573231436
150.8 0.10713347906502081
151 0.10736313013650095
151.2 0.1075929485219064
151.4 0.10782293379711923
151.6 0.108053085540577
151.8 0.108237509369407
152 0.10847357872694163
152.2 0.10870444088138803
152.4 0.10891035079725024
152.6 0.10914162409635522
152.8 0.10937306547717461
153 0.1096046745309888
153.2 0.10983645085084628
153.4 0.10990960792406283
153.6 0.10982580413142963
153.8 0.11005848301488314
154 0.11023038041585044
154.2 0.11046522712440979
154.4 0.1111204292842745
154.6 0.11120140006969345
154.8 0.11143755781822189
155 0.11167388993748414
155.2 0.11191039602443414
155.4 0.11214707567732499
155.6 0.10847639284583997
155.8 0.10833013975875443
156 0.10855699811694781
156.2 0.10878403509344613
156.4 0.10895457707125036
156.6 0.10918229240324236
156.8 0.1094101868864852
157 0.1096977642351152
157.2 0.10973085451179618
157.4 0.10746944590278543
157.6 0.10769510624840752
157.8 0.10792096464929374
158 0.10814702077495335
158.2 0.10881116016181398
158.4 0.10903854767243883
158.6 0.10975443389379778
158.8 0.10998341800329796
159 0.11021260177074534
159.2 0.11077065217631524
159.4 0.10972170724654952
159.6 0.10995330303924494
159.8 0.11018510320151918
160 0.11003663779429444
160.2 0.10988251038662114
160.4 0.11003062136614995
160.6 0.10707929303330516
160.8 0.10731130595865387
161 0.1075435303368149
161.2 0.1072468141506977
161.4 0.10747866075194779
161.6 0.10771072138225204
161.8 0.10794299570619117
162 0.10817548339007964
162.2 0.1084081841006031
162.4 0.10864109750544525
162.6 0.1088742232728822
162.8 0.10910756107257559
163 0.10934111057433049
163.2 0.10957487144937127
163.4 0.11012995690867522
163.6 0.11036639261071635
163.8 0.1072101384154428
164 0.10774151473473922
164.2 0.10796767195097481
164.4 0.10819404878371362
164.6 0.10847575542193758
164.8 0.10866052843931111
165 0.10939350773389263
165.2 0.10878162408131525
165.4 0.10901101568969175
165.6 0.10924063197039877
165.8 0.10687459845197002
166 0.10710078279800363
166.2 0.10732720367127457
166.4 0.10755386079360671
166.6 0.10690497218503921
166.8 0.1071303510855404
167 0.10735596703145506
167.2 0.10758181975407823
167.4 0.10780790898551233
167.6 0.10803423445808204
167.8 0.10826079590465776
168 0.10848759305868555
168.2 0.10871462565402841
168.4 0.10894189342480677
168.6 0.10916939610611773
168.8 0.10939713343304729
169 0.11025139350378338
169.2 0.11052602663096038
169.4 0.11075648970009848
169.6 0.1104221683804
169.8 0.11065376468571847
170 0.11088560177250735
170.2 0.11111767937298028
170.4 0.11134999721996541
170.6 0.11194171880529696
170.8 0.11217517770729092
171 0.11215539215931616
171.2 0.11238749577429796
171.4 0.11261983872753624
171.6 0.11392772645276229
171.8 0.1141631599732485
172 0.11439883744840935
172.2 0.11372350444761065
172.4 0.11504154214528323
172.6 0.11527901903105271
172.8 0.11562947198994428
173 0.11586812432595876
173.2 0.11610702784169298
173.4 0.11634618228040786
173.6 0.11646085897762751
173.8 0.11670025557058751
174 0.11693990291202652
174.2 0.11717980074871333
174.4 0.1174199488283142
174.6 0.11766034689888175
174.8 0.11790099470908023
175 0.11814189200856155
175.2 0.11838303854692146
175.4 0.1186244340748952
175.6 0.1185483760719377
175.8 0.11878951589016702
176 0.1186981629005794
176.2 0.11893892879062863
176.4 0.11917994287256807
176.6 0.11942120490565489
176.8 0.1207258675609954
177 0.12096992356170087
177.2 0.12121423003239666
177.4 0.12145878673248638
177.6 0.12071201605514126
177.8 0.12095512158070135
178 0.1158381184859798
178.2 0.11607018313604515
178.4 0.11630250672858462
178.6 0.11671632238361505
178.8 0.1169502193041775
179 0.11724482371846241
179.2 0.11464395621095105
179.4 0.11487594620337345
179.6 0.11510821850560725
179.8 0.11534077296248416
180 0.11557360941822162
180.2 0.1158067277166257
180.4 0.11604012770058098
180.6 0.11627380921286962
180.8 0.11715430251943405
181 0.11614258178921699
181.2 0.11637609637772602
181.4 0.11660989765311494
181.6 0.11684398546887531
181.8 0.11707835967814764
182 0.11731302013322133
182.2 0.11754796668595245
182.4 0.11778319918759857
182.6 0.11801871748877218
182.8 0.11825452143935815
183 0.11849061088884268
183.2 0.11872698568624489
183.4 0.11896364567936336
183.6 0.11920059071641444
183.8 0.11943782064408268
184 0.11967533530905991
184.2 0.11991313455719382
184.4 0.1201512182338418
184.6 0.1206122036666141
184.8 0.12085149302459523
185 0.12109106828384206
185.2 0.1216710066696831
185.4 0.12191205746234267
185.6 0.12215339587095433
185.8 0.121407541626625
186 0.12164482705854197
186.2 0.12315348586255244
186.4 0.1233936539733268
186.6 0.12498977613233157
186.8 0.12523326367991214
187 0.12547704168922447
187.2 0.12572110999135105
187.4 0.12596546841621806
187.6 0.12709634322563843
187.8 0.1273426399613547
188 0.12758922831003272
188.2 0.1278361080977147
188.4 0.12808327915110976
188.6 0.12591880899947938
188.8 0.12616775443122433
189 0.12784952512130707
189.2 0.1283793119356144
189.4 0.12863222426585982
189.6 0.1293324986201495
189.8 0.12911820495150503
190 0.12937196044373678
190.2 0.12962641805286926
190.4 0.12988070317716877
190.6 0.13605740890975832
190.8 0.13630970020687722
191 0.13656229281942148
191.2 0.13681518655278785
191.4 0.1370683812118751
191.6 0.13732187660117645
191.8 0.13757567252465833
192 0.1378297687858645
192.2 0.13808416518773745
192.4 0.13982739331192814
192.6 0.1418128468777128
192.8 0.1424894610200025
193 0.14275065050423655
193.2 0.1430121458202301
193.4 0.14557140224449028
193.6 0.14583709589210164
193.8 0.1461030993745372
194 0.1463694124744106
194.2 0.14663603497572675
194.4 0.15020768529615874
194.6 0.15047982834396495
194.8 0.1507522860125886
195 0.15102505807553052
195.2 0.1512981443070347
195.4 0.1515715444793736
195.6 0.1518452583646291
195.8 0.152119285735425
196 0.15239362636279344
196.2 0.15266828001796798
196.4 0.15519822818977255
196.6 0.15547628224366908
196.8 0.15575465100277508
197 0.15603333422701712
197.2 0.15557905217386703
197.4 0.15735070984013125
197.6 0.15762816498910184
197.8 0.15821637488298704
198 0.15849430611088894
198.2 0.16036842845277113
198.4 0.1628615206674784
198.6 0.16314532683881486
198.8 0.16408221508916082
199 0.16686035927471798
199.2 0.16714910519935708
199.4 0.1674381695156777
199.6 0.16772755194730074
199.8 0.16801725221729888
