-200 0.4753623607466856
-199.8 0.4750053118999212
-199.6 0.47464896726841777
-199.4 0.47429330846199735
-199.2 0.47393831642133855
-199 0.4735839702675354
-198.8 0.47323024633338945
-198.6 0.47287711681019956
-198.4 0.472524548112702
-198.2 0.4721724995066773
-198 0.47182092094637834
-197.8 0.4714697508979159
-197.6 0.4711189139103582
-197.4 0.4707683175309754
-197.2 0.47041784981360546
-197 0.47006737456017544
-196.8 0.4712740730684531
-196.6 0.4681420218202129
-196.4 0.46899320416626455
-196.2 0.4686410274830727
-196 0.46828767250743847
-195.8 0.4679327890904539
-195.6 0.4675759962052804
-195.4 0.46721690049870473
-195.2 0.46685513523210515
-195 0.4664904319876509
-194.8 0.4661227467403418
-194.6 0.465752470683675
-194.4 0.46538076547306945
-194.2 0.4650100592771699
-194 0.46464470066070723
-193.8 0.4642916426969794
-193.6 0.4639607849745646
-193.4 0.4636643111572145
-193.2 0.463414402890098
-193 0.4632196254202851
-192.8 0.46308180554657385
-192.6 0.4629956290506558
-192.4 0.46295129403839563
-192.2 0.4629382590226386
-192 0.46294793461678957
-191.8 0.4629746374270716
-191.6 0.46301531262666523
-191.4 0.4630687583633402
-191.2 0.4631348193427132
-191 0.4627309111618388
-190.8 0.4620442590696257
-190.6 0.46134331496839825
-190.4 0.4606318343330316
-190.2 0.4599138202516335
-190 0.459193353674644
-189.8 0.4584744226378444
-189.6 0.4577607584116852
-189.4 0.45705569111437494
-189.2 0.456362039249337
-189 0.45568204237730053
-188.8 0.45501734021286633
-188.6 0.4543689941776122
-188.4 0.453737542596511
-188.2 0.4531230769726996
-188 0.4525253289062123
-187.8 0.451943756714417
-187.6 0.4513776252101949
-187.4 0.45082607492245325
-187.2 0.45028817828722195
-187 0.4497629835695783
-186.8 0.44924954737596756
-186.6 0.44874695752434857
-186.4 0.4482543480410661
-186.2 0.44777090835501643
-186 0.44729588771806444
-185.8 0.44682859651461704
-185.6 0.44636840543051987
-185.4 0.4459147428328578
-185.2 0.4457998754744581
-185 0.4453483216635167
-184.8 0.44490195314221465
-184.6 0.4444603932478458
-184.4 0.44402330450086896
-184.2 0.4435903849480001
-184 0.4431613648442317
-183.8 0.4427360035948503
-183.6 0.4423140870722733
-183.4 0.44189542504044804
-183.2 0.44147984898695625
-183 0.441067210159686
-182.8 0.44065737774282077
-182.6 0.4402502374088597
-182.4 0.4398456898963069
-182.2 0.4394436498773546
-182 0.4390440448271754
-181.8 0.4386468142460283
-181.6 0.4382519088516317
-181.4 0.43785928989364087
-181.2 0.43746892870409787
-181 0.4370808062001196
-180.8 0.43669491244052233
-180.6 0.4363112465359741
-180.4 0.43592981636482864
-180.2 0.4355506384311093
-180 0.43517373789835556
-179.8 0.4347991485281699
-179.6 0.4344269128772914
-179.4 0.4340570823488739
-179.2 0.43368971755475827
-179 0.43332488850191603
-178.8 0.43296267497657615
-178.6 0.43260316711256847
-178.4 0.43224646572353675
-178.2 0.4318926829808843
-178 0.43154194313092326
-177.8 0.4311943831201054
-177.6 0.4308501535620181
-177.4 0.4305094195818303
-177.2 0.4301723618394319
-177 0.4298391775926173
-176.8 0.42951008199839463
-176.6 0.42918530930067084
-176.4 0.42886511428992413
-176.2 0.4285497736410021
-176 0.428239587647161
-175.8 0.4279348816186524
-175.6 0.4276360076350822
-175.4 0.42734334626201287
-175.2 0.4270573080755817
-175 0.4267783354124358
-174.8 0.426506903624497
-174.6 0.42624352255643766
-174.4 0.4259887374205117
-174.2 0.4257431292602355
-174 0.4255073152146934
-173.8 0.4252819474263753
-173.6 0.4250677115371631
-173.4 0.4248653237620242
-173.2 0.42467552634565275
-173 0.42449908135947645
-172.8 0.4235100561773694
-172.6 0.42329619793315687
-172.4 0.4230966459702332
-172.2 0.4229122751478153
-172 0.4227439292352457
-171.8 0.422592390204742
-171.6 0.422458338207426
-171.4 0.4223422983560525
-171.2 0.42224456773995994
-171 0.4221651110315768
-170.8 0.4221034008125709
-170.6 0.4220581532878395
-170.4 0.42202685166972337
-170.2 0.4220048141813381
-170 0.4219832698999909
-169.8 0.4219455128701436
-169.6 0.42186160135303924
-169.4 0.42169309832919366
-169.2 0.4214257016891064
-169 0.42108492796972413
-168.8 0.42070216349211487
-168.6 0.42029393357079703
-168.4 0.41986303349738985
-168.2 0.4194010366447563
-168 0.41888647610316704
-167.8 0.4182781840749338
-167.6 0.41750928076437344
-167.4 0.4165436549024761
-167.2 0.41569774147901073
-167 0.41365631177158657
-166.8 0.41534725277453943
-166.6 0.4150170441585452
-166.4 0.41458511494174516
-166.2 0.4140963170609276
-166 0.413579278376465
-165.8 0.4130504055534274
-165.6 0.41251904690623126
-165.4 0.41199057547376977
-165.2 0.4114680805887687
-165 0.41095330204093694
-164.8 0.4104471611596753
-164.6 0.40995007255467936
-164.4 0.40946213326960434
-164.2 0.4089832407769615
-164 0.4085131681401325
-163.8 0.4080516132480662
-163.6 0.40759823101241205
-163.4 0.4071526550282923
-163.2 0.4067145120227074
-163 0.4062834313532656
-162.8 0.405859051312114
-162.6 0.40544102316151215
-162.4 0.4050290136965887
-162.2 0.4046227062025696
-162 0.40422180145485936
-161.8 0.40382601747722763
-161.6 0.403435089305446
-161.4 0.4030487683614421
-161.2 0.4026668217471377
-161 0.4022890313626212
-160.8 0.4019151931202401
-160.6 0.40154511586168445
-160.4 0.4011786205724194
-160.2 0.40081492044110356
-160 0.4004571006708797
-159.8 0.40009899835997675
-159.6 0.39974525073142986
-159.4 0.39939433991793327
-159.2 0.3990461410279299
-159 0.39870053525736804
-158.8 0.3983574092247074
-158.6 0.3980166542535989
-158.4 0.39767816555301033
-158.2 0.39734184146965856
-158 0.3970075827759337
-157.8 0.396675291846507
-157.6 0.39634487195871493
-157.4 0.3960162261312065
-157.2 0.39568925660377524
-157 0.39536386352990466
-156.8 0.39503994396377257
-156.6 0.39471739077947904
-156.4 0.39439609104602413
-156.2 0.3940759247310905
-156 0.39375676273793697
-155.8 0.3934384651682586
-155.6 0.39312087880524865
-155.4 0.3928038344704743
-155.2 0.39248714420848335
-155 0.39217059759223094
-154.8 0.3918539578553284
-154.6 0.3915369576117883
-154.4 0.3912192937619375
-154.2 0.3909006225390344
-154 0.3905805541012459
-153.8 0.3902586481434649
-153.6 0.3899344107631355
-153.4 0.3896072951291868
-153.2 0.3892767086477828
-153 0.38894203289671014
-152.8 0.38860266448366154
-152.6 0.3882580922469294
-152.4 0.38790803290293085
-152.2 0.3875526579226978
-152 0.3871929505129831
-151.8 0.38683122415776333
-151.6 0.38647177693922263
-151.4 0.38612149982788324
-151.2 0.3857899704829432
-151 0.3854882872063598
-150.8 0.38522613926763755
-150.6 0.3850078913987136
-150.4 0.38483007091607263
-150.2 0.3846823486704465
-150 0.3845513959545768
-149.8 0.3844249150362121
-149.6 0.3842938564558759
-149.4 0.3841527297952463
-149.2 0.3839988898733403
-149 0.38383158971218523
-148.8 0.38365118572377394
-148.6 0.38345858667341925
-148.4 0.3832549123703107
-148.2 0.3830412991004954
-148 0.382818797607315
-147.8 0.38258832601897413
-147.6 0.38235065227245707
-147.4 0.38210639338756053
-147.2 0.3818560214276156
-147 0.38159987356161357
-146.8 0.38133816266424586
-146.6 0.38107098889375846
-146.4 0.38079835238574633
-146.2 0.38052016836714536
-146 0.380236287845123
-145.8 0.37994652755892616
-145.6 0.3796507158613789
-145.4 0.37934876328536576
-145.2 0.37904077058949526
-145 0.3787271889864581
-144.8 0.3784090482180283
-144.6 0.3780882559552324
-144.4 0.37776794248015394
-144.2 0.37745275479504975
-144 0.3771489015287626
-143.8 0.37729807359623113
-143.6 0.3763800514234467
-143.4 0.3765622963088415
-143.2 0.37636169909186584
-143 0.3761894794378655
-142.8 0.3760387425963528
-142.6 0.3759010904406669
-142.4 0.37576858398718016
-142.2 0.37563493448991686
-142 0.375495843488021
-141.8 0.37534879136982074
-141.6 0.3751926085635803
-141.4 0.3750270404750716
-141.2 0.37485239642521084
-141 0.3746692981583794
-140.8 0.37447851386995534
-140.6 0.374280855271638
-140.4 0.37407711723950837
-140.2 0.37386804562333414
-140 0.3736543220224264
-139.8 0.3734365588976478
-139.6 0.37321530073123943
-139.4 0.37299102795204886
-139.2 0.3727641629302308
-139 0.3725350758577406
-138.8 0.37230409117823293
-138.6 0.37207149350953844
-138.4 0.3718375326021785
-138.2 0.3716024287813296
-138 0.3713663770375502
-137.8 0.37112955096688
-137.6 0.3708921062704005
-137.4 0.3706541835640681
-137.2 0.3704159111876318
-137 0.37017740723165127
-136.8 0.36993878152981197
-136.6 0.3697001370757297
-136.4 0.369461571517256
-136.2 0.3692231777948007
-136 0.36898504523934605
-135.8 0.36874725977294254
-135.6 0.36850990437659353
-135.4 0.3682730592414609
-135.2 0.36803680153155705
-135 0.3678012051699076
-134.8 0.3675663405084795
-134.6 0.36733227361379944
-134.4 0.3670990653494601
-134.2 0.3668667701980505
-134 0.36663543453148595
-133.8 0.36640509408737254
-133.6 0.36617577054133504
-133.4 0.3659474658740078
-133.2 0.3657201540642707
-133 0.3654937670742239
-132.8 0.36525951096258463
-132.6 0.3649025232213608
-132.4 0.36454341310372124
-132.2 0.36418146496486115
-132 0.36381559184396794
-131.8 0.3634444145274498
-131.6 0.36306681988690004
-131.4 0.3626827280534477
-131.2 0.362293037425749
-131 0.36189882939532003
-130.8 0.3615008512987911
-130.6 0.3610994566470844
-130.4 0.3606947016834557
-130.2 0.3602864436262405
-130 0.3598744173178732
-129.8 0.3594583024674426
-129.6 0.3590377919238318
-129.4 0.35861266074411907
-129.2 0.3581828244153669
-129 0.3577483694370817
-128.8 0.35730954729611764
-128.6 0.3568667360616901
-128.4 0.3564203865634508
-128.2 0.3559709709892798
-128 0.35551894482197754
-127.8 0.35506472435806874
-127.6 0.3546086778716891
-127.4 0.35415112488008926
-127.2 0.3536923403439669
-127 0.35323256070855724
-126.8 0.3527719904078218
-126.6 0.35231080775366386
-126.4 0.3518491699778323
-126.2 0.3513872177433357
-126 0.3520896681901999
-125.8 0.3516268809165093
-125.6 0.3511641249620896
-125.4 0.35070150233504993
-125.2 0.35023911007061564
-125 0.3497770413887513
-124.8 0.3493153862902725
-124.6 0.34885423249607667
-124.4 0.3483936655906454
-124.2 0.3479337696444626
-124 0.3474746271834946
-123.8 0.3470163196870497
-123.6 0.3465589271910405
-123.4 0.34610252876113784
-123.2 0.3456472021933921
-123 0.3451930240519653
-122.8 0.3447400696496108
-122.6 0.34428841268885624
-122.4 0.34383812544600434
-122.2 0.34338927847889905
-122 0.3429419403031286
-121.8 0.3424961777025354
-121.6 0.3420520550616633
-121.4 0.34160963463285715
-121.2 0.3411689761502101
-121 0.3407301368109936
-120.8 0.340293171112106
-120.6 0.33985813080632077
-120.4 0.3394250648250878
-120.2 0.3389940190542186
-120 0.3385650364198033
-119.8 0.3381381568838978
-119.6 0.33771341730286736
-119.4 0.33729085146047005
-119.2 0.3368704900971627
-119 0.3364523610350537
-118.8 0.33603648894234117
-118.6 0.3356228957540451
-118.4 0.3352116003773926
-118.2 0.33480261911697073
-118 0.3343959654492313
-117.8 0.3339916504760998
-117.6 0.33358968264461636
-117.4 0.3331900681190859
-117.2 0.3327928108847052
-117 0.33239791281700937
-116.8 0.3320053737644889
-116.6 0.3316151918350131
-116.4 0.3312273634241024
-116.2 0.33084188338934256
-116 0.331657077639054
-115.8 0.33135739244870344
-115.6 0.3309711400696575
-115.4 0.3305871397345755
-115.2 0.33020538106544617
-115 0.3298258530431403
-114.8 0.32944854391664186
-114.6 0.3290734415643749
-114.4 0.3287005334979238
-114.2 0.32832980698481146
-114 0.3279612493321054
-113.8 0.32759484772886494
-113.6 0.32723058962045043
-113.4 0.32686846269689107
-113.2 0.32650845513255494
-113 0.32615055565147244
-112.8 0.3257947537062858
-112.6 0.32544103958905574
-112.4 0.32508940474468034
-112.2 0.32473984175646703
-112 0.32439234472600326
-111.8 0.3240469094315248
-111.6 0.3237035335497323
-111.4 0.32336221717355157
-111.2 0.3230229628639835
-111 0.322685776210577
-110.8 0.32235066650816874
-110.6 0.3220176469716968
-110.4 0.3216867356358512
-110.2 0.32135795612556195
-110 0.32103133878547463
-109.8 0.3207069216694924
-109.6 0.32038475216673495
-109.4 0.3200648887870208
-109.2 0.3197474033459318
-109 0.31943238401321944
-108.8 0.3191199384672476
-108.6 0.31881019889425277
-108.4 0.3185033271338662
-108.2 0.31819952239685734
-108 0.31789903049794915
-107.8 0.3176021566792569
-107.6 0.31730928148886484
-107.4 0.31702088288270036
-107.2 0.31494181249220443
-107 0.3169305432658924
-106.8 0.3166551862934574
-106.6 0.31638797603415736
-106.4 0.31613061689188365
-106.2 0.3158853809891776
-106 0.31565533853880623
-105.8 0.31544469933058983
-105.6 0.3152593245654566
-105.4 0.31510750339290444
-105.2 0.31500113433331645
-105 0.3149575018431733
-104.8 0.3150018209994783
-104.6 0.31517039100731326
-104.4 0.31551277595086424
-104.2 0.3160873622021237
-104 0.3169379847024653
-103.8 0.3180438540441484
-103.6 0.3166873336933668
-103.4 0.31512356153609566
-103.2 0.3138401485858198
-103 0.3128077008098949
-102.8 0.31013084724771434
-102.6 0.31101648748879895
-102.4 0.3110690969725319
-102.2 0.3105331575696886
-102 0.31004716699766915
-101.8 0.3095975962040892
-101.6 0.30917507190301935
-101.4 0.3087730117464417
-101.2 0.3083867241616946
-101 0.30801281464553026
-100.8 0.30764879153476643
-100.6 0.307292800460179
-100.4 0.30694344332911316
-100.2 0.30659965328093947
-100 0.3062606067489963
-99.8 0.30592566114262354
-99.6 0.30559431023291633
-99.4 0.3052661510009014
-99.2 0.30494086017514205
-99 0.3046181758003462
-98.8 0.30429788419299536
-98.6 0.3039798095651259
-98.4 0.30366380623961103
-98.2 0.3033497527063547
-98 0.3030375467770773
-97.8 0.3027271019943478
-97.6 0.3024183448516859
-97.4 0.3021112122754534
-97.2 0.3018056499268159
-97 0.30150161074714804
-96.8 0.3011990535448311
-96.6 0.30089794222250654
-96.4 0.30059824498205795
-96.2 0.30029993354241985
-96 0.30000298269617715
-95.8 0.29970736975613277
-95.6 0.29941307436605163
-95.4 0.29912007794499057
-95.2 0.2988283635434977
-95 0.29853791593302753
-94.8 0.2982487206271556
-94.6 0.2985538390749733
-94.4 0.2977069899337711
-94.2 0.29741850310951934
-94 0.29713122513551987
-93.8 0.29684514599315265
-93.6 0.2965602563223063
-93.4 0.29627654708300377
-93.2 0.29599400971804735
-93 0.2957126360082659
-92.8 0.2954324180035694
-92.6 0.2951533483728084
-92.4 0.2948754198493664
-92.2 0.29459862429691763
-92 0.29193501520569054
-91.8 0.2949566827356282
-91.6 0.29317279752046815
-91.4 0.29290007916915894
-91.2 0.29262846690605154
-91 0.2923579552804604
-90.8 0.2920885380497641
-90.6 0.29182020964700395
-90.4 0.2915529645144864
-90.2 0.2912867972348507
-90 0.2910217022697184
-89.8 0.29075767447101797
-89.6 0.29049470857013837
-89.4 0.2902327994895985
-89.2 0.2899719421015331
-89 0.2897121314163278
-88.8 0.28945336250978704
-88.6 0.289195630488679
-88.4 0.2889389304766469
-88.2 0.2886832578490823
-88 0.2884286077510731
-87.8 0.2881749755196498
-87.6 0.2879223565039359
-87.4 0.28767074619825395
-87.2 0.2874201399530844
-87 0.2871705333449238
-86.8 0.2869219218354613
-86.6 0.28667430099318025
-86.4 0.28642766647709994
-86.2 0.2861820138516408
-86 0.2859373387931973
-85.8 0.28569363697909267
-85.6 0.28545090422076475
-85.4 0.2852091361936355
-85.2 0.28496832871235733
-85 0.28472847765996084
-84.8 0.28448957878444925
-84.6 0.2842516279428917
-84.4 0.2840146211594952
-84.2 0.2837785543397267
-84 0.2835434233191368
-83.8 0.28330922413516496
-83.6 0.2830759528417493
-83.4 0.28284360548402804
-83.2 0.28261217807107636
-83 0.2823816666953231
-82.8 0.28215206748546356
-82.6 0.28192337663809897
-82.4 0.28169559014947937
-82.2 0.2814687043061408
-82 0.28124271535395495
-81.8 0.2810176194190069
-81.6 0.2807934128840516
-81.4 0.2805700918975185
-81.2 0.28034765291356933
-81 0.280126092110224
-80.8 0.2799054059792545
-80.6 0.2796855908065656
-80.4 0.27946664307100505
-80.2 0.27631819343523356
-80 0.27610225706789876
-79.8 0.27588718750590047
-79.6 0.27567298114995675
-79.4 0.2754596343769749
-79.2 0.27524714371228787
-79 0.2750355055032215
-78.8 0.2748247162641807
-78.6 0.27461477251438854
-78.4 0.2744056706972372
-78.2 0.27419740739090454
-78 0.2739899792120538
-77.8 0.2737833826310423
-77.6 0.2735776143303742
-77.4 0.2733726709728556
-77.2 0.27316854911833416
-77 0.2729652455561079
-76.8 0.27276275688710677
-76.6 0.2725610799016004
-76.4 0.27236021130353844
-76.2 0.2721601479542017
-76 0.27196088653752115
-75.8 0.2717624238579892
-75.6 0.27156475696949733
-75.4 0.2713678825712223
-75.2 0.2711717973623223
-75 0.2720006984767773
-74.8 0.2701118030346165
-74.6 0.2708092652044689
-74.4 0.2706138131967511
-74.2 0.27041913487811864
-74 0.27022522694675616
-73.8 0.2700320869300972
-73.6 0.2698397117868615
-73.4 0.2696480984090112
-73.2 0.2694572442825947
-73 0.2692671464799409
-72.8 0.26907780209608756
-72.6 0.2688892085731981
-72.4 0.268701363108107
-72.2 0.26851426295441705
-72 0.26832790544837054
-71.8 0.268142287966195
-71.6 0.26795740785704314
-71.4 0.267773262508512
-71.2 0.2675898493852629
-71 0.26740716589171293
-70.8 0.2672252094880195
-70.6 0.267043977751756
-70.4 0.2668634681846244
-70.2 0.266683678291284
-70 0.26650348148186853
-69.8 0.2663258071217317
-69.6 0.2661488437330064
-69.4 0.2659725889002485
-69.2 0.26579704043841806
-69 0.2656199190530745
-68.8 0.265445100871237
-68.6 0.26527098362113427
-68.4 0.2650975653596388
-68.2 0.2649248437726025
-68 0.2647528166183119
-67.8 0.2645814819244296
-67.6 0.26441083744958876
-67.4 0.264240881171453
-67.2 0.2640716110448603
-67 0.2639030249512483
-66.8 0.26373512106205055
-66.6 0.2635678972371543
-66.4 0.26340135156399175
-66.2 0.26323548209747616
-66 0.2630702870608461
-65.8 0.2629057643343894
-65.6 0.26274191229624905
-65.4 0.2625787289601309
-65.2 0.2624162126025461
-65 0.26225436141564223
-64.8 0.26209317365693313
-64.6 0.26193264756741835
-64.4 0.26177278148598504
-64.2 0.2616135736697594
-64 0.26145502247545954
-63.8 0.26129712636479774
-63.6 0.2611398835816218
-63.4 0.2609832925412517
-63.2 0.26082735185501305
-63 0.26067205979369035
-62.8 0.26051741488040703
-62.6 0.26036341565944615
-62.4 0.26021006066911084
-62.2 0.2600573484653176
-62 0.2599052774964392
-61.8 0.2597538465003984
-61.6 0.25960305399758205
-61.4 0.25945289867041793
-61.2 0.2593033791820087
-61 0.25915449415700786
-60.8 0.25900624237050335
-60.6 0.25885862244865376
-60.4 0.2587116332748074
-60.2 0.2585652734525115
-60 0.25841954180457233
-59.8 0.2582744372103025
-59.6 0.25812995839306485
-59.4 0.25798610420008716
-59.2 0.257842873601196
-59 0.25770026531011914
-58.8 0.2575582783645687
-58.6 0.25741691154871377
-58.4 0.2572761638665557
-58.2 0.2571360343129408
-58 0.25699652161789516
-57.8 0.2568576250816547
-57.6 0.25671934347688796
-57.4 0.2565816759032756
-57.2 0.2564446213076744
-57 0.25630817887847784
-56.8 0.2561723474792502
-56.6 0.2560371263622531
-56.4 0.2559025145569737
-56.2 0.2557685111024909
-56 0.25563511508720366
-55.8 0.2555023258246003
-55.6 0.2553701422550757
-55.4 0.2552385637489951
-55.2 0.25510758920699633
-55 0.25497721798555206
-54.8 0.25484744921570884
-54.6 0.2547182821121872
-54.4 0.25458971587854545
-54.2 0.2544617497730713
-54 0.25433438294697364
-53.8 0.25420761468697795
-53.6 0.2540814442614911
-53.4 0.25395587091560257
-53.2 0.253830893964068
-53 0.25370651254516396
-52.8 0.2535827260700909
-52.6 0.253459533842828
-52.4 0.2533369350806336
-52.2 0.2532149291457871
-52 0.25309351531872115
-51.8 0.25297269297806363
-51.6 0.2528524613701316
-51.4 0.2527328198032199
-51.2 0.2526137678349523
-51 0.25249530447743745
-50.8 0.2523774293079426
-50.6 0.2522601415968518
-50.4 0.2521434403387675
-50.2 0.2520273253719089
-50 0.250610337748549
-49.8 0.24930915626502265
-49.6 0.25107090777104973
-49.4 0.2509576474649801
-49.2 0.25084497250163346
-49 0.25073288256399023
-48.8 0.250621377252926
-48.6 0.2505104557226932
-48.4 0.2504001173279682
-48.2 0.2502903615067842
-48 0.25018114015874526
-47.8 0.25007259479745786
-47.6 0.24996458258906942
-47.4 0.24985715039979228
-47.2 0.24975029743417815
-47 0.24964402299906036
-46.8 0.24953832666387746
-46.6 0.24943320752118647
-46.4 0.24932866505954987
-46.2 0.24922469853359633
-46 0.24912130734222718
-45.8 0.24901849073162224
-45.6 0.24891624819957928
-45.4 0.24881457880750055
-45.2 0.24871348211005004
-45 0.24861295728156618
-44.8 0.24851300368416362
-44.6 0.24841362070380626
-44.4 0.24831480741864448
-44.2 0.24821656332723468
-44 0.2481188876145018
-43.8 0.2480217796133181
-43.6 0.24792523861333296
-43.4 0.2478292638146348
-43.2 0.24773385453993896
-43 0.24763901009377948
-42.8 0.24754472957569001
-42.6 0.24745101241689552
-42.4 0.247357857740022
-42.2 0.2472652648716354
-42 0.24717323288886342
-41.8 0.2470817611447534
-41.6 0.24699084884905137
-41.4 0.2469004951884306
-41.2 0.2468106992564936
-41 0.24672146035912082
-40.8 0.2466327777389262
-40.6 0.24654465037793175
-40.4 0.24645707757498087
-40.2 0.24637005849320162
-40 0.2462835922223659
-39.8 0.24619767794905079
-39.6 0.2461123147781278
-39.4 0.24602750188994296
-39.2 0.24594323829190584
-39 0.24585952326118946
-38.8 0.2457763557087468
-38.6 0.24569373485653404
-38.4 0.24561165976825688
-38.2 0.2455301295218914
-38 0.24544914315524535
-37.8 0.2453686997368274
-37.6 0.2452887983755998
-37.4 0.24520943803150044
-37.2 0.2451306177140311
-37 0.24505233661815246
-36.8 0.24497459357083237
-36.6 0.2448973877075998
-36.4 0.2448207179555422
-36.2 0.24474458327799886
-36 0.24466898279231594
-35.8 0.24459391535769415
-35.6 0.24451937994947764
-35.4 0.24444537553010315
-35.2 0.2443719011081714
-35 0.2442989555491322
-34.8 0.24422653787318016
-34.6 0.24415464690297134
-34.4 0.24408328159309153
-34.2 0.24401244086837484
-34 0.24394212359756723
-33.8 0.243872328727763
-33.6 0.24380305519208811
-33.4 0.24373430162685847
-33.2 0.24366606720550701
-33 0.24359835058979412
-32.8 0.24353115077263485
-32.6 0.24346446639733735
-32.4 0.243398296528513
-32.2 0.2433326398406997
-32 0.2432674952040308
-31.8 0.24320286158211252
-31.6 0.24313873753651094
-31.4 0.2430751220171364
-31.2 0.2430120138236357
-31 0.24294941167690196
-30.8 0.24288731449982226
-30.6 0.24282572091088062
-30.4 0.24276462969080628
-30.2 0.24270403978941482
-30 0.24264394980385096
-29.8 0.24258435849980708
-29.6 0.24252526472111316
-29.4 0.24246666709137688
-29.2 0.24240856444614875
-29 0.24235095548175153
-28.8 0.24229383885053832
-28.6 0.24223721327970654
-28.4 0.24218107771730954
-28.2 0.2421254306250696
-28 0.24207027075898171
-27.8 0.24201559696484104
-27.6 0.24196140777202302
-27.4 0.2419077018877215
-27.2 0.24185447800924229
-27 0.24180173500370525
-26.8 0.24174947121211968
-26.6 0.24169768567706093
-26.4 0.24164637680676032
-26.2 0.24159554338102487
-26 0.24154518401827568
-25.8 0.24149529748942933
-25.6 0.2414458822361132
-25.4 0.2413969371497972
-25.2 0.24134846080061975
-25 0.2413004517995589
-24.8 0.24125290876985261
-24.6 0.24120583040178825
-24.4 0.24115921539481996
-24.2 0.24111306226296197
-24 0.2410673697392115
-23.8 0.24102213638200531
-23.6 0.240977360970467
-23.4 0.24093304200464416
-23.2 0.24088917812866187
-23 0.24084576788305556
-22.8 0.24080281018255847
-22.6 0.24076030328818565
-22.4 0.24071824602349687
-22.2 0.24067663705992534
-22 0.24063547493978257
-21.8 0.2405947582431705
-21.6 0.24055448564880183
-21.4 0.24051465573252984
-21.2 0.24047526712155023
-21 0.24043631849151695
-20.8 0.2403978083745194
-20.6 0.24035973548738102
-20.4 0.24032209831361687
-20.2 0.24028489552970037
-20 0.24024812575633825
-19.8 0.24021178766583393
-19.6 0.24017587979275765
-19.4 0.24014040066156947
-19.2 0.24010534923594912
-19 0.2400707237562081
-18.8 0.24003652299437417
-18.6 0.24000274547820413
-18.4 0.23996938993682654
-18.2 0.23993645499609878
-18 0.23990393918820016
-17.8 0.23987184119173105
-17.6 0.23984015958993185
-17.4 0.2398088930669223
-17.2 0.23977804020183274
-17 0.23974759963788228
-16.8 0.23971756990525764
-16.6 0.23968794979016309
-16.4 0.23965873784023603
-16.2 0.23962993263993643
-16 0.23960153293291053
-15.8 0.23957353726453892
-15.6 0.2395459442818633
-15.4 0.23951875267958483
-15.2 0.23949196096496517
-15 0.2394655680331206
-14.8 0.2394395722887555
-14.6 0.23941397243901355
-14.4 0.23938876709670606
-14.2 0.23936395506673078
-14 0.23933953486497236
-13.8 0.23931550525353593
-13.6 0.23929186475060388
-13.4 0.23926861198025728
-13.2 0.2392457458647908
-13 0.23922326482417464
-12.8 0.23920116769241787
-12.6 0.23917945299641172
-12.4 0.2391581195740155
-12.2 0.2391371659040515
-12 0.23911659088818313
-11.8 0.23909639295399357
-11.6 0.23907657084830056
-11.4 0.23905712353117145
-11.2 0.2390380494475405
-11 0.23901934718959703
-10.8 0.2390010157850031
-10.6 0.23898305373191472
-10.4 0.23896545969371427
-10.2 0.23894823233197002
-10 0.23893137058187958
-9.8 0.23891487316389107
-9.6 0.23889873849009277
-9.4 0.23888296550614488
-9.2 0.23886755288407022
-9 0.23885249936604044
-8.8 0.23883780364515084
-8.6 0.23882346450758182
-8.4 0.2388094806559016
-8.2 0.23879585078649546
-8 0.23878257381327006
-7.8 0.23876964833913927
-7.6 0.2387570731215593
-7.4 0.23874484692632286
-7.2 0.23873296852778256
-7 0.2387214366927294
-6.8 0.23871025020444875
-6.6 0.23869940772878467
-6.4 0.23868890827513392
-6.2 0.2386787503559474
-6 0.2386689329240594
-5.8 0.2386594546733045
-5.6 0.23865031445136803
-5.4 0.23864151101112013
-5.2 0.23863304315715622
-5 0.23862490976239073
-4.8 0.23861710947207054
-4.6 0.23860964132424947
-4.4 0.23860250386832288
-4.2 0.2385956961527626
-4 0.23858784239001177
-3.8 0.23858237668200863
-3.6 0.23857723541034287
-3.4 0.23857241754206923
-3.2 0.2385679218111304
-3 0.23856170629699577
-2.8 0.23855717320438968
-2.6 0.23855296044868457
-2.4 0.23854906682717808
-2.2 0.23854549138358522
-2 0.23854223270892988
-1.8 0.2385392897837954
-1.6 0.23853666155015407
-1.4 0.23853434666087148
-1.2 0.2385323442904893
-1 0.2385306531524848
-0.8 0.23852927214943617
-0.6 0.23852820006449232
-0.4 0.23852743596660098
-0.2 0.23852697877116547
0 0.23852682709992062
0.2 0.23852698020897425
0.4 0.23852743673145138
0.6 0.23852819577133064
0.8 0.2385292561870389
1 0.23853061688912697
1.2 0.23853227675351169
1.4 0.23853423468600993
1.6 0.23853648981065395
1.8 0.23853904089502823
2 0.23854188689554612
2.2 0.23854502688090354
2.4 0.2385484596354231
2.6 0.23855218412762202
2.8 0.23855619937674588
3 0.2385605044781219
3.2 0.2385650981067057
3.4 0.2385699794841744
3.6 0.238575147409411
3.8 0.23858060105528756
4 0.2385863390520231
4.2 0.23859236081482643
4.4 0.23859866510018787
4.6 0.2386052507947656
4.8 0.23861211714779387
5 0.23861926292419294
5.2 0.23862668738269144
5.4 0.2386343893626977
5.6 0.2386423678864115
5.8 0.23865062197906545
6 0.23865915073358485
6.2 0.2386679530617007
6.4 0.2386770280024624
6.6 0.238686374658738
6.8 0.23869599207481734
7 0.23870587924407558
7.2 0.23871603521759432
7.4 0.23872645898920278
7.6 0.2387371498117416
7.8 0.23874810636926197
8 0.23875932811196637
8.2 0.23877081385866547
8.4 0.23878256268413053
8.6 0.23879457380192048
8.8 0.238806846227552
9 0.2388193789840877
9.2 0.2388321711681478
9.4 0.2388452219330941
9.6 0.238858530382118
9.8 0.2388720952954507
10 0.2388859162946444
10.2 0.2388999919728637
10.4 0.2389143217006976
10.6 0.23892890466718797
10.8 0.23894373979264985
11 0.23895882620052972
11.2 0.2389741630854596
11.4 0.23898974958320593
11.6 0.23900558481894418
11.8 0.23902166768641137
12 0.23903600132400968
12.2 0.23905315276223166
12.4 0.23907054843382353
12.6 0.2390881872393299
12.8 0.2391055846677144
13 0.23912458545102122
13.2 0.23914255477628074
13.4 0.23916115806616922
13.6 0.23917742469317452
13.8 0.23919593881138426
14 0.2392146912441906
14.2 0.2392336814296127
14.4 0.23925290842678834
14.6 0.2392723714143469
14.8 0.23929206952253704
15 0.23931200201238514
15.2 0.23933216794248757
15.4 0.23935256664762836
15.6 0.23937319740778326
15.8 0.23939405908365172
16 0.2394151511619999
16.2 0.23943647271550805
16.4 0.23945802296333288
16.6 0.23947980126855578
16.8 0.23950180656955283
17 0.23952403844390308
17.2 0.23954649563874875
17.4 0.2395691777322722
17.6 0.2395920838923433
17.8 0.23961521335678548
18 0.23963856516030643
18.2 0.23966213883061788
18.4 0.23968593340238128
18.6 0.2397099480597194
18.8 0.23973418233881613
19 0.23975863521742116
19.2 0.23978330609876455
19.4 0.23980819410336432
19.6 0.23983329864441832
19.8 0.23985861891688678
20 0.2398841539806054
20.2 0.23990990340493987
20.4 0.2399358664633153
20.6 0.23996204201081797
20.8 0.239988429833898
21 0.24001502893561927
21.2 0.24004183860705308
21.4 0.24006885835552663
21.6 0.24009608705107385
21.8 0.2401235243528499
22 0.24015116941854195
22.2 0.240179021410505
22.4 0.2402070799265572
22.6 0.24023534398963833
22.8 0.24026381313405892
23 0.24029248652609114
23.2 0.24032136349365432
23.4 0.2403504432065492
23.6 0.24037972529091914
23.8 0.24040920884764722
24 0.24043889328692247
24.2 0.24046877771816658
24.4 0.2404988617792275
24.6 0.24052914458118838
24.8 0.2405596256938499
25 0.2405903040876554
25.2 0.24062117964181018
25.4 0.2406522510179148
25.6 0.24068351803413748
25.8 0.2407149798841673
26 0.24074663585863068
26.2 0.24077848561946855
26.4 0.24080976274701618
26.6 0.24084247342099271
26.8 0.24087537493707398
27 0.2409084666731859
27.2 0.2409406142006064
27.4 0.2409736115179689
27.6 0.2410067979212725
27.8 0.24104017279332698
28 0.24107373567017384
28.2 0.24110748547496832
28.4 0.2411414219116998
28.6 0.2411755443676897
28.8 0.2412098521618793
29 0.24124434453407206
29.2 0.24127902119639377
29.4 0.24131388132091816
29.6 0.24134892422735918
29.8 0.24138414948213271
30 0.24141955633402504
30.2 0.24145514443950478
30.4 0.24149091296660125
30.6 0.2415268612574163
30.8 0.24156298904499768
31 0.24159929543790992
31.2 0.2416357799312075
31.4 0.24167244204186386
31.6 0.2417092809457836
31.8 0.24174629656353638
32 0.24178348768118635
32.2 0.2418208540586355
32.4 0.24185839512970703
32.6 0.24189611017465198
32.8 0.241933998879906
33 0.24197206052335257
33.2 0.2420102943921846
33.4 0.2420487000953068
33.6 0.24208727717371575
33.8 0.24212602490636412
34 0.242164942586655
34.2 0.24220403008621774
34.4 0.24224328645219878
34.6 0.24228271139451038
34.8 0.24232230412859407
35 0.24236206428331644
35.2 0.24240199150217176
35.4 0.24244208483070082
35.6 0.24248234399557092
35.8 0.24252276830262864
36 0.24256335731496528
36.2 0.24260411050800035
36.4 0.24264502736546947
36.6 0.2426861072883822
36.8 0.2427273497543344
37 0.24276875434416365
37.2 0.24281032054796872
37.4 0.24285204758962783
37.6 0.24289393505660384
37.8 0.24293598261584104
38 0.24297818958801332
38.2 0.24302055574004955
38.4 0.24306308004551525
38.6 0.24310576236231882
38.8 0.2431486020148705
39 0.24319159877779167
39.2 0.24323475171836328
39.4 0.24327806079074915
39.6 0.2433215251524023
39.8 0.2433651445902659
40 0.24340891834848816
40.2 0.24345284594830524
40.4 0.24349692717920385
40.6 0.24354116120404312
40.8 0.24358554773174726
41 0.2436300861940617
41.2 0.2436747763001417
41.4 0.24371961722499175
41.6 0.2437646087640584
41.8 0.24380975045433098
42 0.2438550415603329
42.2 0.24390048180259394
42.4 0.2439460709019597
42.6 0.24399180803405313
42.8 0.24403769292508945
43 0.24408372484458601
43.2 0.24412990361271164
43.4 0.24417622868842287
43.6 0.2442226996240526
43.8 0.24426931596784668
44 0.24431607718203135
44.2 0.24436298282289257
44.4 0.24441003253653917
44.6 0.24445722569876213
44.8 0.24450456215317443
45 0.24455204117626825
45.2 0.24459966242755785
45.4 0.2446474252841619
45.6 0.24469532959509493
45.8 0.24474337474571956
46 0.2447915602046184
46.2 0.24483988593025927
46.4 0.24488835091841202
46.6 0.24493695513228014
46.8 0.2449856980506214
47 0.24503457915825858
47.2 0.2450835982305718
47.4 0.24513275465200715
47.6 0.24518204791020434
47.8 0.24523147768665562
48 0.24528104356977612
48.2 0.24533074524702925
48.4 0.24538058211412858
48.6 0.2454305538560414
48.8 0.24548066006839703
49 0.24553090024849555
49.2 0.2455812738906119
49.4 0.2456317807944946
49.6 0.2456824204599571
49.8 0.24573319238143468
50 0.2457840963712931
50.2 0.2458351318249189
50.4 0.24588629835178777
50.6 0.24593759566148246
50.8 0.2459890232575505
51 0.2460405807522758
51.2 0.24609226775569074
51.4 0.2461440839846377
51.6 0.2461960287448311
51.8 0.24624810196034802
52 0.24630030304049644
52.2 0.2463526315057189
52.4 0.24640508738760075
52.6 0.24645766989182602
52.8 0.24651037853749533
53 0.24656321347332122
53.2 0.2466161736944019
53.4 0.24666925935483852
53.6 0.24672246976651555
53.8 0.2467758045602935
54 0.24682926347192966
54.2 0.24688284592633397
54.4 0.24693655155105476
54.6 0.2469903803050627
54.8 0.24704433150411084
55 0.24709840489621576
55.2 0.2471526000098808
55.4 0.24720691659351923
55.6 0.24726135429430224
55.8 0.2473159125378831
56 0.2473705911816309
56.2 0.24742538987807577
56.4 0.2474803078329345
56.6 0.24753534513703457
56.8 0.2475905014381107
57 0.24764577594766818
57.2 0.24770116887288474
57.4 0.24775667931175333
57.6 0.24781230736138293
57.8 0.2478680523499877
58 0.24792391404238023
58.2 0.24797989199028708
58.4 0.2480359861894653
58.6 0.24809219573314176
58.8 0.24814852085547906
59 0.24820496076575335
59.2 0.24826151535676816
59.4 0.2483181839519088
59.6 0.24837496656300093
59.8 0.24843186274304468
60 0.24848887216561094
60.2 0.2485459946108798
60.4 0.24860322941150176
60.6 0.24866057647065173
60.8 0.24871803534904927
61 0.24877560560494055
61.2 0.24883328726355472
61.4 0.248891079536696
61.6 0.24894898257374198
61.8 0.24900699582498473
62 0.2490651187266325
62.2 0.24912335120809068
62.4 0.24918169282945923
62.6 0.24924014363518132
62.8 0.2492987024751698
63 0.24935736975744757
63.2 0.24941614492917116
63.4 0.2494750276787477
63.6 0.2495340174578245
63.8 0.2495931143216003
64 0.24965231808351995
64.2 0.24971162759065127
64.4 0.24977104350701215
64.6 0.24983056467898493
64.8 0.24989019153733943
65 0.2499499231687515
65.2 0.25000975964056005
65.4 0.25006970040676024
65.6 0.25012974504325886
65.8 0.2501898938796042
66 0.2502501461166731
66.2 0.2503105012123198
66.4 0.25037095937240966
66.6 0.2504315198010639
66.8 0.2504921825872937
67 0.2505529473114185
67.2 0.2506138138101721
67.4 0.25067478154227746
67.6 0.2507358500948008
67.8 0.25079701955857137
68 0.2508582893957053
68.2 0.25091965919286124
68.4 0.2509811290531227
68.6 0.2510426984335103
68.8 0.25110436692640614
69 0.2511661342471191
69.2 0.2512280003759179
69.4 0.25128996477875526
69.6 0.2513520270418825
69.8 0.2514141872808131
70 0.2514764452265212
70.2 0.25153880007096846
70.4 0.25160125193911886
70.6 0.25166380002738487
70.8 0.25172644485923534
71 0.25178918576845627
71.2 0.25185202207999147
71.4 0.25191495406230296
71.6 0.2519779811767924
71.8 0.2520411034280167
72 0.25210432000848915
72.2 0.2521676309211444
72.4 0.25223103604135255
72.6 0.25229453496621446
72.8 0.2523581272968273
73 0.25242181304753863
73.2 0.25248559181720265
73.4 0.252549463212258
73.6 0.25261342683398097
73.8 0.2526774825577675
74 0.25274163012627376
74.2 0.2528058695708865
74.4 0.2528702000674256
74.6 0.25293462178421183
74.8 0.2529991343310421
75 0.25306373745323296
75.2 0.25312843061113005
75.4 0.2531932141277567
75.6 0.2532580868939002
75.8 0.25332304937576705
76 0.2533881011814754
76.2 0.253453241776603
76.4 0.2535184709130827
76.6 0.2535837884884395
76.8 0.2536491945461319
77 0.25371468811988135
77.2 0.25378026954583804
77.4 0.25384593828723007
77.6 0.25391169410429554
77.8 0.25397753690490776
78 0.2540434661491339
78.2 0.2541094820453954
78.4 0.2541755836093163
78.6 0.2542417713511443
78.8 0.25430804458126854
79 0.25437440321672117
79.2 0.2544408468694152
79.4 0.2545073753064428
79.6 0.25457398874578946
79.8 0.25464068604785284
80 0.25470746789089893
80.2 0.2547743331274045
80.4 0.25484128213699253
80.6 0.2549083145387514
80.8 0.25497543009976165
81 0.2550426284424193
81.2 0.2551099096449132
81.4 0.2551772730168483
81.6 0.25524471864023357
81.8 0.255312245979746
82 0.25537985543678443
82.2 0.2554475460047392
82.4 0.2555153179291977
82.6 0.25558317051197216
82.8 0.25565110385302225
83 0.2557191178877475
83.2 0.25578721207489424
83.4 0.25585538635931176
83.6 0.255923640358041
83.8 0.25599197369542637
84 0.2560603866349505
84.2 0.25612887847562266
84.4 0.25619744916602516
84.6 0.2562660988102714
84.8 0.2563348262230579
85 0.25640363233083524
85.2 0.25647251610272664
85.4 0.25654147764993307
85.6 0.2566105167679046
85.8 0.2566796329085405
86 0.2567488261968244
86.2 0.256818096422092
86.4 0.25688744287669213
86.6 0.2569568660172945
86.8 0.2570263649691597
87 0.25709594019858745
87.2 0.2571655904837541
87.4 0.25723531697310725
87.6 0.25730511810506257
87.8 0.2573749941834207
88 0.25744494568930276
88.2 0.2575149713983404
88.4 0.2575850714412801
88.6 0.257655245798033
88.8 0.25772549391753397
89 0.25779581559620585
89.2 0.25786621098672113
89.4 0.2579366797144918
89.6 0.25800722140901733
89.8 0.2580778358665347
90 0.25814852307
90.2 0.25821928264572847
90.4 0.2582901142200377
90.6 0.25836101830849345
90.8 0.25843199382786197
91 0.2585030407597039
91.2 0.2585741596295882
91.4 0.2586453489852888
91.6 0.2587166097180868
91.8 0.25878794127362326
92 0.258859343100013
92.2 0.25893081518337674
92.4 0.25900235770737634
92.6 0.25907396974322666
92.8 0.25914565165686504
93 0.2592174034474314
93.2 0.2592892241867433
93.4 0.25936111405451995
93.6 0.2594330726832545
93.8 0.2595051002613408
94 0.25957719603724844
94.2 0.25964936039624786
94.4 0.2597215923931675
94.6 0.25979389298976574
94.8 0.25986626085787884
95 0.2599386962005902
95.2 0.2600111988320157
95.4 0.26008376896168695
95.6 0.2601564056336875
95.8 0.2602291090592418
96 0.2603018790565575
96.2 0.2603747150585649
96.4 0.2604476176707781
96.6 0.26052058572988324
96.8 0.2605936198519065
97 0.2606667192666468
97.2 0.260739884196055
97.4 0.2608131144646219
97.6 0.2608864090986236
97.8 0.26095976932858744
98 0.2610331935731756
98.2 0.2611066824667224
98.4 0.26118023543222824
98.6 0.2612538520945994
98.8 0.26132753309620277
99 0.2614012774525527
99.2 0.2614750854019133
99.4 0.2615489565696272
99.6 0.2616228907872321
99.8 0.26169688767856014
100 0.2617709474901119
100.2 0.2618450698461146
100.4 0.2619192541630142
100.6 0.2619935011135433
100.8 0.26206780990239426
101 0.2621421803618632
101.2 0.2622166127525447
101.4 0.26229110584626775
101.6 0.26236566075949164
101.8 0.2624402766892159
102 0.26251495325653834
102.2 0.26258969072956123
102.4 0.26266448873340176
102.6 0.2627393468875925
102.8 0.2628142654666619
103 0.2628892440975827
103.2 0.2629642819574021
103.4 0.2630393797680372
103.6 0.263114537151399
103.8 0.2631897532838535
104 0.26326502911937805
104.2 0.263340363608276
104.4 0.2634157570456654
104.6 0.26349120859823955
104.8 0.2635667190140692
105 0.263642287685078
105.2 0.26371791400290234
105.4 0.2637935980365531
105.6 0.26386934032530845
105.8 0.26394514002554764
106 0.26402099698677794
106.2 0.26409691105322536
106.4 0.26417288207380674
106.6 0.26424891013118823
106.8 0.264324995077467
107 0.2644011360562222
107.2 0.26447733362270887
107.4 0.2645535871585108
107.6 0.2646298974627659
107.8 0.2647062627223734
108 0.2647826842204847
108.2 0.2648591610957247
108.4 0.2649356929555532
108.6 0.26501228037751967
108.8 0.26508892273399753
109 0.26516561963592983
109.2 0.2652423709334942
109.4 0.2653191774626213
109.6 0.2653960385974386
109.8 0.2654729532024763
110 0.2655499221229231
110.2 0.2656269447212966
110.4 0.26570402135552634
110.6 0.2657811516314561
110.8 0.2658583346533412
111 0.2659355715462796
111.2 0.2660128611492801
111.4 0.2660902035830393
111.6 0.266167598706882
111.8 0.2662450468914809
112 0.2663225472322834
112.2 0.26640009958414246
112.4 0.26647770381237307
112.6 0.26655536108301325
112.8 0.26663306916798435
113 0.2667108292445163
113.2 0.2667886406447548
113.4 0.26686650350227303
113.6 0.26694441768107496
113.8 0.2670223827811401
114 0.26710039840187166
114.2 0.2671784652105706
114.4 0.2672565822699575
114.6 0.2673347497166074
114.8 0.26741296741675763
115 0.267491235237686
115.2 0.26756955332477
115.4 0.26764792044689556
115.6 0.26772633757189473
115.8 0.2678048048557009
116 0.2678833204965161
116.2 0.2679618857575129
116.4 0.26804050023485476
116.6 0.26811916323393414
116.8 0.2681978746264383
117 0.2682766354176947
117.2 0.2683554443447928
117.4 0.2684343012823546
117.6 0.26851320724973976
117.8 0.268592160108207
118 0.2686711617525018
118.2 0.26875021002497135
118.4 0.2688293062564136
118.6 0.2689084503220716
118.8 0.2689876412228569
119 0.2690668797169041
119.2 0.2691461647961537
119.4 0.26922549633330156
119.6 0.26930487539811954
119.8 0.2693843003745288
120 0.2694637720442038
120.2 0.2695432899826541
120.4 0.2696228537669561
120.6 0.26970246388456515
120.8 0.2697821199146203
121 0.26986182019504124
121.2 0.2699415673770256
121.4 0.27002135980683706
121.6 0.27010119735891397
121.8 0.2701810802294767
122 0.2702610073629236
122.2 0.2703409802100409
122.4 0.2704209977149391
122.6 0.27050105944250774
122.8 0.2705811649525965
123 0.270661315082183
123.2 0.27074151004847447
123.4 0.27082174877159193
123.6 0.27090203113445316
123.8 0.27098235767440587
124 0.2710627269706887
124.2 0.2711431398894452
124.4 0.27122359697929727
124.6 0.2713040964784364
124.8 0.27138463893510495
125 0.2714652249037855
125.2 0.2715458532698911
125.4 0.27162652426410633
125.6 0.27170723810885977
125.8 0.271787994016675
126 0.2718687911936408
126.2 0.2719496319177912
126.4 0.2720305143793627
126.6 0.272111438464406
126.8 0.2721924047574284
127 0.27227341176046266
127.2 0.272354460757015
127.4 0.2724355505956077
127.6 0.2725166811591655
127.8 0.2725978541116184
128 0.27267906758226296
128.2 0.2727603214607167
128.4 0.27284161599497214
128.6 0.27292295180472986
128.8 0.27300432698335814
129 0.27308574250264483
129.2 0.27316719899330605
129.4 0.2732486948948753
129.6 0.27333023083132757
129.8 0.2734118067046726
130 0.2734934220427908
130.2 0.2735750771160086
130.4 0.2736567714482804
130.6 0.2737385045624152
130.8 0.2738202771096127
131 0.2739020882316562
131.2 0.27398393935173593
131.4 0.2740658280810465
131.6 0.2741477558522121
131.8 0.2742297221796002
132 0.2743117265809148
132.2 0.2743937693419661
132.4 0.2744758503687868
132.6 0.2745579699578689
132.8 0.27464012604071064
133 0.27472232049312045
133.2 0.27480455282867067
133.4 0.27488682254762953
133.6 0.27496912955708974
133.8 0.27505147416671505
134 0.27513385547108143
134.2 0.2752162737791076
134.4 0.2752987294086935
134.6 0.27538122144277744
134.8 0.2754637506164023
135 0.2755463155917482
135.2 0.2756289175217046
135.4 0.27571155548245785
135.6 0.2757942293757424
135.8 0.2758769399587101
136 0.2759596858669555
136.2 0.27604246828971724
136.4 0.27612528585105595
136.6 0.27620813845750003
136.8 0.27629102774961556
137 0.2763739523424552
137.2 0.27645691082976176
137.4 0.2765399048740252
137.6 0.2766229343887723
137.8 0.27670599884774966
138 0.27678909816559727
138.2 0.27687223135640837
138.4 0.27695539968027205
138.6 0.2770386021479816
138.8 0.2771218391311824
139 0.2772051100824227
139.2 0.27728841445714864
139.4 0.2773717540141967
139.6 0.27745512635711855
139.8 0.2775385327915421
140 0.2776219737078065
140.2 0.2777054476190436
140.4 0.2777889549073799
140.6 0.27787249454243523
140.8 0.2779560678574152
141 0.27803967334013996
141.2 0.2781233133133719
141.4 0.27820698528902316
141.6 0.2782906906366363
141.8 0.2783744273229239
142 0.2784581977183818
142.2 0.2785419997732557
142.4 0.2786258348994524
142.6 0.27870970101918974
142.8 0.2787936000573898
143 0.2788775304237548
143.2 0.27896149305092066
143.4 0.2790454868473395
143.6 0.2791295132692562
143.8 0.27921357018524845
144 0.27929765854433636
144.2 0.27938177879561693
144.4 0.27946592982068796
144.6 0.2795501115376167
144.8 0.27963432439780295
145 0.27971856832776715
145.2 0.2798028432567913
145.4 0.27988714750094085
145.6 0.2799714831317805
145.8 0.28005585008521705
146 0.28014024612010857
146.2 0.280224672241771
146.4 0.28030912947921277
146.6 0.28039361556015285
146.8 0.28047813206799854
147 0.2805626789380893
147.2 0.28064725441707694
147.4 0.280731859552916
147.6 0.28081649484780147
147.8 0.2809011585207844
148 0.2809858527969388
148.2 0.28107057472525887
148.4 0.2811553259685931
148.6 0.28124010704262825
148.8 0.28132491612960087
149 0.28140975492671305
149.2 0.2814946221906709
149.4 0.28157951725059943
149.6 0.281664439428159
149.8 0.28174939166415397
150 0.28183437270418116
150.2 0.28191938065272304
150.4 0.28200441604157617
150.6 0.28208948004007267
150.8 0.28217457321345196
151 0.2822596917615686
151.2 0.28234483999695204
151.4 0.2824300140857364
151.6 0.2825152177621449
151.8 0.2826004458742675
152 0.2826857028214665
152.2 0.282770987277124
152.4 0.2828562965770783
152.6 0.28294163455599897
152.8 0.28302699920659424
153 0.28311239113007136
153.2 0.2831978082791507
153.4 0.28328325190493064
153.6 0.2833687233020738
153.8 0.2834542190447445
154 0.28353974244795543
154.2 0.2836252921133621
154.4 0.28371086797754247
154.6 0.28379646860321506
154.8 0.2838820953097707
155 0.2839677487461069
155.2 0.2840534260491932
155.4 0.2841391306869443
155.6 0.284224859774503
155.8 0.2843106154008569
156 0.28439639390764204
156.2 0.28448219957503595
156.4 0.28456802945289794
156.6 0.2846538849447307
156.8 0.28473976304722715
157 0.28482566888526367
157.2 0.28491159796239923
157.4 0.2849975509534798
157.6 0.28508353083157467
157.8 0.285169532245904
158 0.28525555893416016
158.2 0.2853416116387459
158.4 0.285427686455393
158.6 0.28551378720856807
158.8 0.2855999099488743
159 0.2856860561742199
159.2 0.28577222583433237
159.4 0.2858584204794905
159.6 0.28594463928366365
159.8 0.2860308805808284
160 0.28611714512595215
160.2 0.28620343204873167
160.4 0.28628974543210783
160.6 0.2863760786169706
160.8 0.286462434856688
161 0.286548816640216
161.2 0.28663521973101125
161.4 0.2867216457552373
161.6 0.2868080929627585
161.8 0.2868931704618257
162 0.28697997736490466
162.2 0.2870668075314763
162.4 0.2871536591810437
162.6 0.2872405304830915
162.8 0.28732742583510334
163 0.2874143416412307
163.2 0.2875012805570339
163.4 0.2875882398370066
163.6 0.28767522034027043
163.8 0.28776049229098494
164 0.2878472067763689
164.2 0.2879339399530358
164.4 0.2880206974074817
164.6 0.2881074753538052
164.8 0.2881942718194103
165 0.2882810915404976
165.2 0.288367932587256
165.4 0.28845479296745347
165.6 0.28854167458923036
165.8 0.2886285774254166
166 0.28871550145407415
166.2 0.2888024456458743
166.4 0.288889411985441
166.6 0.28897639639468703
166.8 0.28906340290458177
167 0.28915042738353947
167.2 0.28923747287623514
167.4 0.28932453937153385
167.6 0.2894116258059168
167.8 0.2894987332124845
168 0.28958585836734674
168.2 0.2896730033617711
168.4 0.28976016816797184
168.6 0.289847353860776
168.8 0.28993455823304054
169 0.29002178124281286
169.2 0.2901090262103924
169.4 0.29019628752389764
169.6 0.29028356964403007
169.8 0.2903708714410855
170 0.29045818944091123
170.2 0.29054552704518616
170.4 0.2906328842511169
170.6 0.2907202610565233
170.8 0.2908076562659487
171 0.2908950698583786
171.2 0.29098250060135034
171.4 0.29106995209122133
171.6 0.29115741946502094
171.8 0.2912449051145881
172 0.2913324127606078
172.2 0.29141993369135116
172.4 0.29150747663442583
172.6 0.29159503528865127
172.8 0.29168260959517844
173 0.29177020595281694
173.2 0.2918578192377281
173.4 0.29194544809733985
173.6 0.29203309512664194
173.8 0.29212076032423895
174 0.29220844235427595
174.2 0.2922961425489307
174.4 0.2923838595515607
174.6 0.2924715933414305
174.8 0.2925593452951688
175 0.2926471112213549
175.2 0.29273489669826036
175.4 0.291583610641453
175.6 0.29167144389805216
175.8 0.291759293855401
176 0.29184716043696113
176.2 0.2919350435623857
176.4 0.2920229431570313
176.6 0.292110859135317
176.8 0.29219879143085925
177 0.29228673995777465
177.2 0.29237470464434717
177.4 0.29246268540872467
177.6 0.2925506821773241
177.8 0.292638694873953
178 0.2927267234183883
178.2 0.2928147677373448
178.4 0.2929028277547966
178.6 0.2929909033904767
178.8 0.29307899457440906
179 0.2931671012259761
179.2 0.2932552232717006
179.4 0.2933433606360533
179.6 0.29343151324409655
179.8 0.29351968101777853
180 0.2936078638860065
180.2 0.29369606177066426
180.4 0.29378427459953527
180.6 0.2938725022967466
180.8 0.2939607447877723
181 0.2940490019977881
181.2 0.2941372738549842
181.4 0.29422556028341923
181.6 0.29431386121007697
181.8 0.2944021765581492
182 0.2944905062587765
182.2 0.29457885023629055
182.4 0.29466720841772
182.6 0.2947549384128865
182.8 0.2948436399632301
183 0.29493235506873716
183.2 0.2950210836642929
183.4 0.2951098256756734
183.6 0.2951976517020085
183.8 0.29528610726710347
184 0.29537457645939236
184.2 0.29546305920180194
184.4 0.29555155542270134
184.6 0.2956400650537431
184.8 0.2957285880184155
185 0.29581712424902434
185.2 0.29590567367106263
185.4 0.2959942362174536
185.6 0.29608281181599677
185.8 0.29617140039280315
186 0.2962600018791393
186.2 0.2963486162066093
186.4 0.2964372433027251
186.6 0.2965258830977977
186.8 0.29661453552025163
187 0.2967032005018778
187.2 0.29679187797268436
187.4 0.29688056786208356
187.6 0.2969692701002056
187.8 0.29705798461854094
188 0.297146711350223
188.2 0.2972354502205865
188.4 0.29732420116615665
188.6 0.29741296411299206
188.8 0.2975017389966942
189 0.29759052574702183
189.2 0.2976793242945496
189.4 0.29776813457259277
189.6 0.29785695651104754
189.8 0.2979457900450068
190 0.29803463510110173
190.2 0.29812349161941903
190.4 0.2982123595271528
190.6 0.29830123875420234
190.8 0.29839012924113445
191 0.2984790309123639
191.2 0.2985679437079081
191.4 0.2986568675532613
191.6 0.298745802389526
191.8 0.29883474814436534
192 0.29892370475375984
192.2 0.29901267215075145
192.4 0.2991016502686649
192.6 0.2991906390425232
192.8 0.2992796384027084
193 0.2993686482884926
193.2 0.29945766863098594
193.4 0.2995466993640072
193.6 0.299635740422918
193.8 0.29972479174504696
194 0.2998138532592356
194.2 0.2999029249070666
194.4 0.2999920066174758
194.6 0.3000810983287244
194.8 0.30017019997740685
195 0.3002593114944765
195.2 0.3003484328202817
195.4 0.30043756388583515
195.6 0.3005267046312672
195.8 0.3006158549913383
196 0.30070501489611784
196.2 0.3007941842914881
196.4 0.30088336310791286
196.6 0.3009725512838532
196.8 0.3010617487553054
197 0.301150955455996
197.2 0.3012401713258111
197.4 0.30132939630258954
197.6 0.3014186303220577
197.8 0.3015078733209552
198 0.30159712523373644
198.2 0.3016863860061222
198.4 0.30177565556529884
198.6 0.3018649338574921
198.8 0.301954220813702
199 0.30204351637766813
199.2 0.30213282048314893
199.4 0.30222213307060386
199.6 0.3023114540779993
199.8 0.30240078344083254
